inst/extdata/mad_globe.txt
ncols         1080
nrows         540
xllcorner     -180
yllcorner     -90
cellsize      0.333333
NODATA_value  -9999
[rows 68 to 101 of 540, columns 988 to 1063 of 1080]
-168.04 -167.02 -166.7 -166.48 -166.26 -166.16 -166.06 -165.97 -165.89 -165.84 -165.84 -165.74 -165.89 -166.65 -167.44 -166.66 -166.24 -165.86 -167.18 -167.11 -166.7 -167.75 -166.8 -167.78 -168.31 -168.37 -169.15 -168.79 -166.88 -166.24 -166.71 -167.21 -168.54 -168.46 -169.01 -167.99 -167.74 -166.74 -165.41 -166.83 -167.07 -167.93 -168.65 -167.6 -168.21 -167.12 -168.6 -170.14 -171.13 -173.74 -174.58 -176.12 -176.55 -173.29 -172.21 -171.87 -172.68 -172.11 -170.84 -171.21 -172.29 -173.8 -173.6 -172.07 -170.88 -174.25 -171.36 -170.16 -170.07 -169.91 -169.99 -169.18 -166.16 -165.88 -166.31 -168.61
-165.53 -165.36 -165.23 -165.11 -164.99 -164.93 -164.79 -164.68 -164.6 -164.87 -165.31 -165.44 -165.67 -165.64 -166.05 -167.04 -165.7 -164.68 -165.85 -166.51 -167.1 -168.27 -168.01 -166.84 -166.15 -166.69 -167.29 -167.62 -168.27 -166.1 -165.99 -167.41 -167.57 -166.77 -166.45 -167.28 -166.67 -165.73 -165.81 -164.59 -164.62 -164.4 -164.57 -165.91 -166.02 -166.15 -166.75 -167.63 -168.36 -170.06 -171.89 -174.55 -171.25 -172.07 -174.84 -174.75 -173.98 -172.11 -172.41 -171.82 -170.12 -169.59 -168.64 -169.08 -169.27 -169.5 -170.08 -168.91 -168.47 -168.33 -167.53 -165.36 -164.31 -163.21 -163.28 -164.57
-164.29 -164.13 -163.99 -163.86 -163.74 -163.76 -163.55 -163.67 -164.46 -165.12 -165.42 -163.91 -166.89 -169.12 -167.47 -166.44 -164.96 -164.91 -165.02 -165.65 -166.74 -166.54 -166.13 -166.65 -166.97 -166.67 -167.31 -166.93 -166.13 -165.06 -164.72 -166.45 -166.83 -167.77 -166.47 -166.3 -167.09 -167.21 -164.88 -164.97 -164.68 -164.77 -165.28 -167.54 -168.03 -168.71 -168.75 -166.94 -166.78 -166.61 -169.64 -168.56 -168.27 -169.32 -172.84 -171.72 -171.32 -170.52 -169.6 -168.47 -167.65 -166.36 -166.99 -166.01 -167.58 -168.5 -168.9 -167.39 -166.89 -165.79 -163.56 -162.39 -161.78 -161.11 -161.58 -164.42
-164.5 -163.66 -162.82 -162.63 -162.5 -162.38 -162.74 -163.31 -164 -165.57 -163.5 -163.28 -165.68 -166.32 -168.63 -169.63 -167.59 -167.58 -167.41 -166.85 -166 -167.08 -166.91 -165.5 -165.31 -164.65 -165.55 -165.78 -164.28 -164.31 -166.53 -165.66 -165.99 -166.6 -166.98 -166.81 -166.36 -166.74 -165.25 -165.67 -167.97 -169.83 -169.36 -169.62 -170.32 -169.92 -171.16 -169.73 -171.11 -169.99 -172.78 -170.12 -169.44 -168.51 -170.25 -170.11 -167.62 -168.19 -169.39 -168.06 -165.46 -164.03 -165.84 -165.55 -167.67 -167.12 -165.45 -164.94 -164.04 -164.71 -162.38 -161.04 -159.61 -159.62 -161.03 -163.62
-164.13 -163.5 -161.69 -161.42 -161.28 -161.15 -161.91 -164.24 -164.87 -164.92 -164.03 -165.14 -165.26 -165.86 -167.45 -166.55 -166.27 -168.2 -164.21 -163.93 -163.52 -164.01 -165.61 -166.47 -165.47 -163.59 -163.36 -162.87 -161.95 -163.87 -164.31 -166.61 -168.07 -168.39 -167.35 -167.29 -167.11 -165.96 -168.32 -169.53 -170.19 -170.69 -169.88 -169.09 -171.63 -172.01 -171.8 -171 -171.85 -172.17 -168.56 -170.35 -169.6 -166.82 -165.72 -165.56 -165.86 -164.31 -164.37 -164.57 -164 -163.82 -165.83 -164.13 -162.93 -161.56 -161.04 -160.37 -161.6 -161.45 -159.54 -158.31 -158.08 -158.56 -161.38 -163.5
-163 -161.15 -160.4 -160.21 -160.07 -159.93 -161.16 -162.75 -164.18 -162.8 -162.48 -163.8 -163.52 -164.11 -165.33 -164.1 -162.93 -162.08 -160.74 -161.17 -161.65 -162.15 -163.66 -165.77 -166.65 -165.05 -166.37 -163.22 -163.37 -162.19 -162.56 -162.31 -163.05 -164.58 -166.19 -168.32 -168.04 -166.13 -167.41 -168.2 -167.64 -170.07 -168.46 -167.53 -167.7 -169.67 -169.53 -171.18 -172.2 -170.58 -169.07 -171.01 -168.48 -166.54 -164.93 -162.67 -161.3 -160.45 -160.92 -162.57 -164.3 -163.07 -161.59 -158.96 -159.14 -158.57 -157.42 -157.23 -157.54 -157.43 -157.9 -157.19 -156.6 -156.67 -159.08 -158.47
-164.27 -161.26 -159.8 -159.14 -158.88 -158.73 -159.22 -159.96 -161.19 -161.85 -162.57 -163.58 -162.78 -162.7 -162.07 -162.53 -160.8 -159.4 -160.39 -161.37 -162.44 -161.34 -161.74 -162.35 -162.85 -163.8 -165.11 -163.7 -163.5 -163.45 -165.43 -163.29 -160.79 -159.69 -161.17 -161.35 -163.16 -164.89 -166.55 -168.01 -167.15 -168.7 -168.11 -166.23 -167.69 -167.87 -167.37 -168.26 -169.23 -166.3 -166.16 -166.15 -165.11 -162.94 -162.49 -161.29 -160.56 -159.96 -159.99 -160.2 -161.01 -158.96 -156.76 -156.2 -157.13 -155.99 -155.86 -155.83 -155.96 -156.05 -156.83 -155.69 -155.09 -154.91 -155.7 -154.96
-168.45 -163.63 -160.73 -159.01 -158.03 -157.89 -157.9 -158.96 -158.83 -158.8 -159.25 -161.82 -159.96 -159.57 -158.8 -159.92 -159.51 -159.95 -159.75 -158.91 -159.88 -160 -160.11 -161.16 -161.58 -164.32 -165.08 -164.63 -164.94 -166 -165.69 -162.77 -159.02 -158.69 -159.3 -161.74 -163.57 -163.68 -164.56 -166.3 -167.57 -167.35 -166.4 -164.12 -163.59 -168.24 -167.21 -165.03 -164.73 -163.93 -163.31 -161.9 -161.76 -165.29 -162.39 -160.75 -160.13 -158.71 -157.94 -157.62 -155.78 -154.87 -154.49 -154.61 -154.57 -154.58 -154.8 -156.19 -157.57 -156.15 -155.28 -154.21 -153.6 -153.41 -153.2 -152.93
-165.71 -167.45 -164.55 -161.46 -158.89 -158.41 -158.33 -159.34 -160.98 -160.01 -158.94 -159.65 -159.7 -158.59 -157.46 -159.07 -159.09 -159.4 -160.22 -159.72 -159.84 -160.41 -160.25 -160.5 -162.94 -164.57 -167.64 -165.75 -163.12 -164.53 -165.13 -165.21 -162.94 -160.43 -160.94 -160.95 -161.11 -160.61 -162.88 -164.51 -164.85 -166.79 -163.6 -161.72 -161.73 -161.61 -161.57 -160.93 -160.13 -160.56 -161.28 -162.66 -161 -161.06 -162.01 -160.51 -159 -158.27 -155.89 -157.63 -156.68 -154.69 -153.55 -153.25 -153.21 -153.38 -154.26 -154.98 -155.03 -155.43 -155.94 -154.51 -152.47 -151.95 -151.72 -151.5
-163.44 -165.4 -164.04 -163.46 -160.09 -158.72 -159.05 -157.2 -158.36 -160.13 -160.35 -158.61 -158.91 -157.79 -156.29 -155.97 -158.69 -157.72 -159.83 -160.08 -159.94 -164.84 -162.03 -160.52 -162.61 -165.18 -167.09 -165.51 -163.78 -163.35 -166.15 -166.55 -163.61 -161.47 -160.32 -161.36 -162.16 -161.33 -160.27 -162.23 -162.31 -162.36 -161.19 -159.08 -158.42 -158.29 -157.77 -157.4 -157.01 -157.86 -158.13 -158.41 -157.62 -157.19 -157.22 -156.91 -154.92 -155.19 -155.98 -153.82 -152.91 -152.74 -153.01 -152.4 -151.74 -151.62 -151.91 -152.15 -154.27 -155.27 -155.16 -153.9 -153.75 -151.8 -151.49 -153.42
-165.25 -164.56 -162.1 -160.51 -159.77 -160.93 -159.51 -157.76 -156.96 -158.57 -158.11 -155.98 -157.85 -156.25 -155.83 -159.8 -161.37 -160.21 -156.67 -159.67 -160.78 -162.4 -164.32 -161.63 -160.61 -162.7 -164.46 -165.44 -166.21 -165.62 -164.49 -162.58 -162.52 -162.31 -161.06 -160.7 -161.04 -160.72 -159.91 -161.36 -161.6 -161.17 -161.34 -160.55 -160.07 -160.31 -160.07 -159.42 -158.27 -158.74 -157.99 -156.05 -155.23 -154.16 -152.6 -152.03 -151.65 -152.06 -152.73 -152.05 -151.97 -151.79 -151.33 -151.08 -150.97 -150.92 -150.84 -151.82 -154.17 -156.04 -156.96 -155.01 -153.76 -152.36 -151 -150.5
-164.08 -162.45 -162.93 -162.52 -163.83 -163.09 -159.96 -159.14 -158.36 -157.48 -155.71 -157.88 -159.65 -159.82 -155.44 -157.02 -162.33 -162.04 -157.82 -157.44 -159.82 -160.5 -162.52 -163.48 -160.76 -161.13 -163.5 -164.08 -163.35 -160.87 -161.48 -163 -160.97 -160.88 -160.49 -159.01 -159.98 -159.81 -159.62 -159.63 -160.66 -159.44 -160.12 -159.25 -158.66 -158.19 -159 -159.33 -157.15 -156.83 -156.97 -155.33 -153.79 -151.11 -150.37 -150.31 -150.24 -150.91 -151.83 -152.31 -150.83 -151.95 -153.14 -151.44 -150.79 -152.16 -151.9 -152.42 -153.28 -151.06 -150.72 -150.94 -150.06 -149.11 -148.36 -148.18
-162.62 -160.03 -159.85 -160.67 -160.91 -163.42 -162.35 -156.53 -155.85 -155.46 -157.25 -158.69 -155.35 -154.5 -156.32 -158.2 -160.71 -159.58 -157.62 -159.61 -159.47 -161.33 -161.1 -162.9 -163.71 -160.6 -162.05 -161.44 -163.02 -161.62 -160.42 -160.24 -159.75 -160.15 -157.22 -155.23 -156.06 -156.65 -156.78 -156.66 -156.36 -155.56 -156.27 -156.38 -154.55 -152.96 -153.32 -152.42 -152.67 -151.03 -151.33 -150.86 -149.33 -149.06 -148.99 -149.01 -149.46 -149.71 -148.92 -149.35 -150.74 -151.79 -155.35 -154.71 -153.07 -153.32 -152.39 -152.57 -152.35 -151.28 -150.91 -149.25 -149.6 -148.79 -149.06 -149.34
-163.44 -160.1 -157.49 -155.5 -155.56 -157.54 -158.08 -153.44 -152.33 -153.39 -156.5 -154.31 -155.25 -154.81 -157.11 -157.58 -157.55 -159.37 -160.59 -158.06 -158.35 -160.44 -161 -163.83 -165.32 -162.05 -159.55 -160 -159.25 -160.15 -158.55 -155.52 -156.1 -155.22 -154.51 -150.81 -149.53 -149.75 -150.02 -149.51 -149.15 -148.91 -148.93 -149.46 -149.11 -149.98 -150.47 -150.82 -150.25 -150.68 -150 -148.16 -147.87 -147.73 -147.61 -148.38 -148.52 -147.77 -149.01 -150.23 -152.85 -154.26 -155.23 -154.8 -153.03 -154.11 -152.64 -152.27 -150.07 -148.75 -149.6 -148.53 -147.32 -148.2 -148.71 -147.82
-159.4 -158.63 -157.15 -155.34 -156.7 -158.35 -155.66 -155.17 -153.99 -155.44 -154.54 -151.67 -152.38 -154.51 -155.29 -156.87 -157.24 -159.29 -158.6 -158.45 -157.91 -157.51 -158.1 -162.27 -162.06 -161.1 -159.07 -157.54 -157.66 -159.49 -156.25 -152.27 -148.64 -148 -148.15 -148.14 -147.8 -148.03 -148.3 -148.16 -147.55 -146.07 -145.33 -145.15 -9999 -145.07 -146.71 -147.22 -148.06 -148.56 -147.26 -146.91 -147.03 -146.56 -146.78 -146.72 -147.16 -148.4 -150.46 -152.7 -154.74 -156.69 -155.57 -155.06 -154.83 -155.11 -153.6 -152.32 -149.65 -148.13 -146.45 -148.15 -146.6 -144.12 -145.52 -145.81
-162.48 -158.08 -156.82 -155.28 -157.24 -157.73 -157.34 -157.33 -157.06 -157.7 -158.19 -155.85 -154.14 -155 -156.57 -158.16 -156.74 -159.16 -157.94 -157.71 -158.35 -157.45 -158.7 -158.84 -159.97 -158.96 -154.86 -151.56 -150.3 -150.2 -149.07 -148.52 -147.05 -146.74 -147.51 -148.75 -148.98 -149.39 -152.16 -149 -146.94 -144.26 -9999 -9999 -146.2 -147.04 -145.97 -145.65 -146.8 -148.36 -146.79 -145.31 -145.57 -146.16 -147.71 -147.95 -148.49 -150.92 -151.94 -153.21 -155.32 -153.41 -153.29 -155.52 -156.37 -157.1 -157.46 -154.37 -148.6 -146.88 -146.71 -144.06 -142.2 -142.58 -143.63 -141.52
-156.68 -161.09 -162.95 -159.49 -158.86 -157.51 -155.93 -157.56 -156.4 -156.52 -155.53 -157.11 -153.2 -152.85 -154.78 -157.73 -155.63 -156.3 -157.85 -158.05 -158.3 -155.66 -153.71 -149.17 -147.76 -148.62 -146.82 -145.45 -144.67 -9999 -144.72 -144.54 -144.7 -145.85 -151.71 -153.28 -151.48 -150.21 -149.27 -145.63 -144.72 -143.15 -9999 -9999 -146.05 -146.27 -146.4 -145.45 -145.37 -144.47 -143.54 -144.17 -145.12 -145.76 -146.7 -148.14 -148.1 -149.4 -150.12 -150.55 -150.79 -151.49 -149.53 -153.87 -159.02 -156.39 -154.17 -148.6 -145.51 -145.45 -143.12 -141.4 -138.93 -137.51 -136.67 -135.83
-157.64 -160.78 -159.52 -156.4 -159.64 -158.35 -156.62 -156.71 -156.02 -155.41 -155.44 -155.82 -154.19 -154.44 -155.81 -156.04 -156.53 -159.8 -155.38 -156.66 -155.12 -147.89 -143.7 -9999 -9999 -9999 -9999 -9999 -9999 -9999 -9999 -9999 -144.52 -148.28 -150.75 -149.36 -145.97 -144.82 -142.84 -9999 -9999 -141.87 -9999 -142.15 -144.1 -143.41 -143.22 -144.25 -144.39 -144.58 -144.81 -145.13 -146.11 -145.22 -146.27 -144.76 -144.4 -145.83 -145.83 -147.86 -150.53 -147.74 -142.73 -145.91 -147.67 -146.2 -150.97 -149.05 -145.51 -141.17 -137.99 -137.88 -134.7 -9999 -9999 -9999
-156.39 -157.38 -156.91 -156.09 -157.69 -155.87 -157.33 -158.27 -156.06 -154.95 -155.25 -155.4 -155.3 -156.51 -156.16 -155.76 -154.58 -156.63 -153.25 -150.61 -146.71 -142.99 -9999 -9999 -9999 -9999 -9999 -9999 -9999 -9999 -9999 -142.08 -145.06 -145.94 -145.89 -143.97 -142.02 -9999 -9999 -9999 -9999 -9999 -9999 -141.14 -141.65 -143.08 -146.57 -148.37 -145.73 -145.53 -146.65 -144.19 -143.04 -142.18 -144.55 -145.06 -142.1 -141.6 -140.73 -143.43 -144.11 -145.15 -142.63 -140.01 -140.48 -144.88 -148.7 -142.97 -138.05 -135.74 -9999 -9999 -9999 -9999 -9999 -9999
-157.47 -158.97 -158.48 -156.15 -156.31 -156.81 -155.35 -158.35 -158.8 -157.56 -156.85 -155.66 -158.09 -154.68 -155.21 -153.5 -151.42 -152.7 -147.93 -143.18 -9999 -9999 -9999 -9999 -9999 -9999 -9999 -9999 -9999 -9999 -9999 -9999 -140.86 -144.33 -141.74 -9999 -9999 -9999 -9999 -9999 -9999 -140.06 -140.48 -141.35 -141.49 -143.08 -144.87 -145.38 -143.67 -141.07 -140.92 -140.74 -141.88 -142.68 -141.46 -141.06 -140.55 -140.14 -139.2 -140.47 -142.66 -141.05 -140.02 -141.99 -140.46 -139.82 -136.66 -134.4 -9999 -9999 -9999 -9999 -9999 -9999 -9999 -9999
-154.09 -156.14 -154.35 -155.26 -157.05 -154.82 -154.48 -155.18 -156.4 -154.8 -149.7 -151.34 -152.03 -150.53 -148.84 -150.2 -144.28 -142.52 -140.68 -9999 -9999 -9999 -9999 -9999 -9999 -9999 -9999 -9999 -9999 -9999 -9999 -9999 -9999 -9999 -9999 -9999 -9999 -9999 -140.39 -140.55 -140.71 -141.01 -140.72 -140.61 -141.14 -142.46 -142.18 -142.48 -140.37 -139 -138.72 -142.46 -142.98 -141.24 -139.22 -137.4 -136.27 -135.91 -135.86 -134.91 -136 -138.15 -140.99 -137.08 -133.72 -9999 -9999 -9999 -9999 -9999 -9999 -9999 -9999 -9999 -9999 -9999
-149.67 -149.11 -146.6 -146.63 -147.94 -150.35 -148.12 -148.69 -149.84 -150.23 -146.68 -148.86 -149.16 -146.45 -143.28 -140.38 -9999 -9999 -9999 -9999 -9999 -9999 -9999 -9999 -9999 -9999 -9999 -9999 -9999 -9999 -9999 -9999 -9999 -9999 -9999 -9999 -9999 -140.29 -141.97 -141.74 -142.64 -141.44 -140.67 -139.71 -139.62 -139 -139.14 -137.37 -137.33 -9999 -136.13 -140.05 -136.85 -9999 -9999 -9999 -9999 -9999 -9999 -9999 -9999 -133.84 -136.21 -132.09 -9999 -9999 -9999 -9999 -9999 -9999 -9999 -9999 -9999 -9999 -9999 -9999
-141.91 -141.73 -141.88 -142.88 -142.98 -142.49 -141.81 -143.96 -145.38 -143.88 -144.7 -142.48 -141.58 -141.03 -139.34 -138.52 -9999 -9999 -9999 -9999 -9999 -9999 -9999 -9999 -9999 -9999 -9999 -9999 -9999 -9999 -9999 -9999 -9999 -9999 -9999 -138.27 -143.41 -143.14 -143.81 -144.89 -141.99 -139.02 -137.15 -9999 -9999 -9999 -136.65 -9999 -9999 -9999 -135 -9999 -9999 -9999 -9999 -9999 -9999 -9999 -9999 -9999 -9999 -9999 -9999 -9999 -9999 -9999 -9999 -9999 -9999 -9999 -9999 -9999 -9999 -9999 -9999 -9999
-9999 -9999 -9999 -138.3 -138.39 -137.75 -138.88 -140.76 -141.58 -142.57 -144.6 -144.86 -142.17 -140.34 -138.31 -138.68 -138.23 -9999 -9999 -9999 -9999 -9999 -9999 -9999 -9999 -9999 -9999 -9999 -9999 -9999 -9999 -9999 -9999 -137.15 -139.58 -143.75 -147.97 -149.31 -145.16 -142.88 -139.13 -136.59 -9999 -9999 -9999 -9999 -9999 -9999 -9999 -9999 -9999 -9999 -9999 -9999 -9999 -9999 -9999 -9999 -9999 -9999 -9999 -9999 -9999 -9999 -9999 -9999 -9999 -9999 -9999 -9999 -9999 -9999 -9999 -9999 -9999 -9999
-9999 -9999 -9999 -9999 -9999 -136.89 -138.04 -137.6 -137.87 -140.31 -142.34 -139.35 -137.28 -137.88 -138.48 -137.49 -137.59 -9999 -9999 -9999 -9999 -9999 -9999 -9999 -9999 -9999 -9999 -9999 -9999 -9999 -9999 -135.52 -137.72 -140.32 -142.23 -145.67 -148.83 -147.18 -143.19 -139.48 -135.87 -9999 -9999 -9999 -133.98 -134.12 -9999 -9999 -9999 -9999 -9999 -9999 -9999 -9999 -9999 -9999 -9999 -9999 -9999 -9999 -9999 -9999 -9999 -9999 -9999 -9999 -9999 -9999 -9999 -9999 -9999 -9999 -9999 -9999 -9999 -9999
-9999 -9999 -9999 -9999 -9999 -9999 -137.33 -136.91 -9999 -9999 -9999 -9999 -9999 -9999 -9999 -9999 -9999 -9999 -9999 -9999 -9999 -9999 -9999 -9999 -9999 -9999 -9999 -9999 -9999 -9999 -9999 -138.07 -139.35 -141.12 -144.69 -146.43 -143.3 -138.55 -136.21 -134.68 -133.48 -9999 -9999 -133.87 -135.04 -9999 -9999 -9999 -9999 -9999 -9999 -9999 -9999 -9999 -9999 -9999 -9999 -9999 -9999 -9999 -9999 -9999 -9999 -9999 -9999 -9999 -9999 -9999 -9999 -9999 -9999 -9999 -9999 -9999 -9999 -9999
-9999 -9999 -9999 -9999 -9999 -9999 -9999 -9999 -9999 -9999 -9999 -9999 -9999 -9999 -9999 -9999 -9999 -9999 -9999 -9999 -9999 -9999 -9999 -9999 -9999 -9999 -9999 -9999 -9999 -133.86 -135.92 -137.13 -138.54 -143.08 -149.05 -141.2 -137.89 -135.31 -133 -9999 -9999 -9999 -9999 -9999 -9999 -9999 -9999 -9999 -9999 -9999 -9999 -9999 -9999 -9999 -9999 -9999 -9999 -9999 -9999 -9999 -9999 -9999 -9999 -9999 -9999 -9999 -9999 -9999 -9999 -9999 -9999 -9999 -9999 -9999 -9999 -9999
-9999 -9999 -9999 -9999 -9999 -9999 -9999 -9999 -9999 -9999 -9999 -9999 -9999 -9999 -9999 -9999 -9999 -9999 -9999 -9999 -9999 -9999 -9999 -9999 -9999 -9999 -9999 -133.04 -134.32 -134.82 -135.53 -135.94 -138.47 -146.1 -146.8 -138.31 -136.15 -133.45 -9999 -9999 -9999 -9999 -9999 -9999 -9999 -9999 -9999 -9999 -9999 -9999 -9999 -9999 -9999 -9999 -9999 -9999 -9999 -9999 -9999 -9999 -9999 -9999 -9999 -9999 -9999 -9999 -9999 -9999 -9999 -9999 -9999 -9999 -9999 -9999 -9999 -9999
-9999 -9999 -9999 -9999 -9999 -9999 -9999 -9999 -9999 -9999 -9999 -9999 -9999 -9999 -9999 -9999 -9999 -9999 -9999 -9999 -9999 -9999 -9999 -131.64 -132.24 -133.18 -133.29 -133.4 -133.43 -133.52 -134.27 -135.97 -142.6 -149.35 -140.52 -134.52 -132.84 -132.21 -130.86 -131.14 -131.7 -129.97 -9999 -9999 -9999 -9999 -9999 -9999 -9999 -9999 -9999 -9999 -9999 -9999 -9999 -9999 -9999 -9999 -9999 -9999 -9999 -9999 -9999 -9999 -9999 -9999 -9999 -9999 -9999 -9999 -9999 -9999 -9999 -9999 -9999 -9999
-9999 -9999 -9999 -9999 -9999 -9999 -9999 -9999 -9999 -9999 -9999 -9999 -9999 -9999 -9999 -9999 -9999 -9999 -9999 -9999 -9999 -9999 -9999 -133.24 -133.47 -133.34 -133.26 -133.28 -132.63 -132.56 -135.61 -138.9 -145.03 -141.96 -136.78 -133.06 -131.61 -131.64 -131.29 -131.67 -131.09 -9999 -9999 -9999 -9999 -9999 -9999 -9999 -9999 -9999 -9999 -9999 -9999 -9999 -9999 -9999 -9999 -9999 -9999 -9999 -9999 -9999 -9999 -9999 -9999 -9999 -9999 -9999 -9999 -9999 -9999 -9999 -9999 -9999 -9999 -9999
-9999 -9999 -9999 -9999 -9999 -9999 -9999 -9999 -9999 -9999 -9999 -9999 -9999 -9999 -9999 -9999 -9999 -9999 -9999 -9999 -9999 -9999 -130.58 -132.72 -133.31 -133.34 -135.17 -132.66 -132.74 -133.21 -133.62 -139.96 -139.55 -135.81 -132.7 -131.36 -130.82 -131.56 -130.89 -129.87 -9999 -9999 -9999 -9999 -9999 -9999 -9999 -9999 -9999 -9999 -9999 -9999 -9999 -9999 -9999 -9999 -9999 -9999 -9999 -9999 -9999 -9999 -9999 -9999 -9999 -9999 -9999 -9999 -9999 -9999 -9999 -9999 -9999 -9999 -9999 -9999
-9999 -9999 -9999 -9999 -9999 -9999 -9999 -9999 -9999 -9999 -9999 -9999 -9999 -9999 -9999 -9999 -9999 -9999 -9999 -9999 -128.72 -129.92 -130.56 -130.76 -130.77 -132.6 -135.69 -133.19 -135.55 -137.42 -142.33 -138.99 -135.38 -131.35 -131 -135.6 -133.51 -137.05 -131.97 -128.73 -9999 -9999 -9999 -9999 -9999 -9999 -9999 -9999 -9999 -9999 -9999 -9999 -9999 -9999 -9999 -9999 -9999 -9999 -9999 -9999 -9999 -9999 -9999 -9999 -9999 -9999 -9999 -9999 -9999 -9999 -9999 -9999 -9999 -9999 -9999 -9999
-9999 -9999 -9999 -9999 -9999 -9999 -9999 -9999 -9999 -9999 -9999 -9999 -9999 -9999 -9999 -9999 -9999 -9999 -9999 -9999 -129.49 -129.44 -129.86 -130.24 -133.27 -136.07 -135.44 -137.45 -138.35 -138.53 -137.74 -131.95 -130.28 -130.64 -130.03 -135.44 -130.79 -130.04 -127.69 -127.25 -126.5 -125.98 -9999 -9999 -9999 -9999 -9999 -9999 -9999 -9999 -9999 -9999 -9999 -9999 -9999 -9999 -9999 -9999 -9999 -9999 -9999 -9999 -9999 -9999 -9999 -9999 -9999 -9999 -9999 -9999 -9999 -9999 -9999 -9999 -9999 -9999
-9999 -9999 -9999 -9999 -9999 -9999 -9999 -9999 -9999 -9999 -9999 -9999 -9999 -9999 -9999 -9999 -9999 -9999 -9999 -126.96 -128.18 -128.26 -128.65 -130.44 -132.68 -136.43 -140.06 -139.3 -137.75 -136.44 -130.34 -127.78 -142.04 -150.69 -130.8 -128.92 -129.24 -127.24 -124.29 -9999 -126.95 -124.43 -9999 -9999 -9999 -9999 -9999 -9999 -9999 -9999 -9999 -9999 -9999 -9999 -9999 -9999 -9999 -9999 -9999 -9999 -9999 -9999 -9999 -9999 -9999 -9999 -9999 -9999 -9999 -9999 -9999 -9999 -9999 -9999 -9999 -9999
