inst/extdata/mad_globe.txt
ncols         1080
nrows         540
xllcorner     -180
yllcorner     -90
cellsize      0.333333
NODATA_value  -9999
[rows 476 to 509 of 540, columns 152 to 227 of 1080]
-9999 -9999 -9999 -9999 -9999 -9999 -9999 -9999 -9999 -9999 -9999 -9999 -9999 -9999 -9999 -9999 -9999 -9999 -9999 -9999 -9999 -9999 -9999 -9999 -9999 -9999 -9999 -9999 -9999 -9999 -9999 -9999 -9999 -9999 -9999 -9999 -9999 -9999 -9999 -9999 -9999 -9999 -9999 -9999 -9999 -9999 -9999 -9999 -9999 -9999 -9999 -9999 -9999 -9999 -9999 -9999 -9999 -9999 -9999 -9999 -9999 -9999 -9999 -9999 -9999 -9999 -9999 -9999 -9999 -9999 -9999 -9999 -9999 -9999 -9999 -9999
-9999 -9999 -9999 -9999 -9999 -9999 -9999 -9999 -9999 -9999 -9999 -9999 -9999 -9999 -9999 -9999 -9999 -9999 -9999 -9999 -9999 -9999 -9999 -9999 -9999 -9999 -9999 -9999 -9999 -9999 -9999 -9999 -9999 -9999 -9999 -9999 -9999 -9999 -9999 -9999 -9999 -9999 -9999 -9999 -9999 -9999 -9999 -9999 -9999 -9999 -9999 -9999 -9999 -9999 -9999 -9999 -9999 -9999 -9999 -9999 -9999 -9999 -9999 -9999 -9999 -9999 -9999 -9999 -9999 -9999 -9999 -9999 -9999 -9999 -9999 -9999
-9999 -9999 -9999 -9999 -9999 -9999 -9999 -9999 -9999 -9999 -9999 -9999 -9999 -9999 -9999 -9999 -9999 -9999 -9999 -9999 -9999 -9999 -9999 -9999 -9999 -9999 -9999 -9999 -9999 -9999 -9999 -9999 -9999 -9999 -9999 -9999 -9999 -9999 -9999 -9999 -9999 -9999 -9999 -9999 -9999 -9999 -9999 -9999 -9999 -9999 -9999 -9999 -9999 -9999 -9999 -9999 -9999 -9999 -9999 -9999 -9999 -9999 -9999 -9999 -9999 -9999 -9999 -9999 -9999 -9999 -9999 -9999 -9999 -9999 -9999 -9999
-9999 -9999 -9999 -9999 -9999 -9999 -9999 -9999 -9999 -9999 -9999 -9999 -9999 -9999 -9999 -9999 -9999 -9999 -9999 -9999 -9999 -9999 -9999 -9999 -9999 -9999 -9999 -9999 -9999 -9999 -9999 -9999 -9999 -9999 -9999 -9999 -9999 -9999 -9999 -9999 -9999 -9999 -9999 -9999 -9999 -9999 -9999 -9999 -9999 -9999 -9999 -9999 -9999 -9999 -9999 -9999 -9999 -9999 -9999 -9999 -9999 -9999 -9999 -9999 -9999 -9999 -9999 -9999 -9999 -9999 -9999 -9999 -9999 -9999 -9999 -9999
-9999 -9999 -9999 -9999 -9999 -9999 -9999 -9999 -9999 -9999 -9999 -9999 -9999 -9999 -9999 -9999 -9999 -9999 -9999 -9999 -9999 -9999 -9999 -9999 -9999 -9999 -9999 -9999 -9999 -9999 -9999 -9999 -9999 -9999 -9999 -9999 -9999 -9999 -9999 -9999 -9999 -9999 -9999 -9999 -9999 -9999 -9999 -9999 -9999 -9999 -9999 -9999 -9999 -9999 -9999 -9999 -9999 -9999 -9999 -9999 -9999 -9999 -9999 -9999 -9999 -9999 -9999 -9999 -9999 -9999 -9999 -9999 -9999 -9999 -9999 -9999
-9999 -9999 -9999 -9999 -9999 -9999 -9999 -9999 -9999 -9999 -9999 -9999 -9999 -9999 -9999 -9999 -9999 -9999 -9999 -9999 -9999 -9999 -9999 -9999 -9999 -9999 -9999 -9999 -9999 -9999 -9999 -9999 -9999 -9999 -9999 -9999 -9999 -9999 -9999 -9999 -9999 -9999 -9999 -9999 -9999 -9999 -9999 -9999 -9999 -9999 -9999 -9999 -9999 -9999 -9999 -9999 -9999 -9999 -9999 -9999 -9999 -9999 -9999 -9999 -9999 -9999 -9999 -9999 -9999 -9999 -9999 -9999 -9999 -9999 -9999 -9999
-9999 -9999 -9999 -9999 -9999 -9999 -9999 -9999 -9999 -9999 -9999 -9999 -9999 -9999 -9999 -9999 -9999 -9999 -9999 -9999 -9999 -9999 -9999 -9999 -9999 -9999 -9999 -9999 -9999 -9999 -9999 -9999 -9999 -9999 -9999 -9999 -9999 -9999 -9999 -9999 -9999 -9999 -9999 -9999 -9999 -9999 -9999 -9999 -9999 -9999 -9999 -9999 -9999 -9999 -9999 -9999 -9999 -9999 -9999 -9999 -9999 -9999 -9999 -9999 -9999 -9999 -9999 -9999 -9999 -9999 -9999 -9999 -9999 -9999 -9999 -9999
-9999 -9999 -9999 -9999 -9999 -9999 -9999 -9999 -9999 -9999 -9999 -9999 -9999 -9999 -9999 -9999 -9999 -9999 -9999 -9999 -9999 -9999 -9999 -9999 -9999 -9999 -9999 -9999 -9999 -9999 -9999 -9999 -9999 -9999 -9999 -9999 -9999 -9999 -9999 -9999 -9999 -9999 -9999 -9999 -9999 -9999 -9999 -9999 -9999 -9999 -9999 -9999 -9999 -9999 -9999 -9999 -9999 -9999 -9999 -9999 -9999 -9999 -9999 -9999 -9999 -9999 -9999 -9999 -9999 -9999 -9999 -9999 -9999 -9999 -9999 -9999
-9999 -9999 -9999 -9999 -9999 -9999 -9999 -9999 -9999 -9999 -9999 -9999 -9999 -9999 -9999 -9999 -9999 -9999 -9999 -9999 -9999 -9999 -9999 -9999 -9999 -9999 -9999 -9999 -9999 -9999 -9999 -9999 -9999 -9999 -9999 -9999 -9999 -9999 -9999 -9999 -9999 -9999 -9999 -9999 -9999 -9999 -9999 -9999 -9999 -9999 -9999 -9999 -9999 -9999 -9999 -9999 -9999 -9999 -9999 -9999 -9999 -9999 -9999 -9999 -9999 -9999 -9999 -9999 -9999 -9999 -9999 -9999 -9999 -9999 -9999 -9999
-9999 -9999 -9999 -9999 -9999 -9999 -9999 -9999 -9999 -9999 -9999 -9999 -9999 -9999 -9999 -9999 -9999 -9999 -9999 -9999 -9999 -9999 -9999 -9999 -9999 -9999 -9999 -9999 -9999 -9999 -9999 -9999 -9999 -9999 -9999 -9999 -9999 -9999 -9999 -9999 -9999 -9999 -9999 -9999 -9999 -9999 -9999 -9999 -9999 -9999 -9999 -9999 -9999 -9999 -9999 -9999 -9999 -9999 -9999 -9999 -9999 -9999 -9999 -9999 -9999 -9999 -9999 -9999 -9999 -9999 -9999 -9999 -9999 -9999 -9999 -9999
-9999 -9999 -9999 -9999 -9999 -9999 -9999 -9999 -9999 -9999 -9999 -9999 -9999 -9999 -9999 -9999 -9999 -9999 -9999 -9999 -9999 -9999 -9999 -9999 -9999 -9999 -9999 -9999 -9999 -9999 -9999 -9999 -9999 -9999 -9999 -9999 -9999 -9999 -9999 -9999 -9999 -9999 -9999 -9999 -9999 -9999 -9999 -9999 -9999 -9999 -9999 -9999 -9999 -9999 -9999 -9999 -9999 -9999 -9999 -9999 -9999 -9999 -9999 -9999 -9999 -9999 -9999 -9999 -9999 -9999 -9999 -9999 -9999 -9999 -9999 -9999
-9999 -9999 -9999 -9999 -9999 -9999 -9999 -9999 -9999 -9999 -9999 -9999 -9999 -9999 -9999 -9999 -9999 -9999 -9999 -9999 -9999 -9999 -9999 -9999 -9999 -9999 -9999 -9999 -9999 -9999 -9999 -9999 -9999 -9999 -9999 -9999 -9999 -9999 -9999 -9999 -9999 -9999 -9999 -9999 -9999 -9999 -9999 -9999 -9999 -9999 -9999 -9999 -9999 -9999 -9999 -9999 -9999 -9999 -9999 -9999 -9999 -9999 -9999 -9999 -9999 -9999 -9999 -9999 -9999 -9999 -9999 -9999 -9999 -9999 -9999 -9999
-9999 -9999 -9999 -9999 -9999 -9999 -9999 -9999 -9999 -9999 -9999 -9999 -9999 -9999 -9999 -9999 -9999 -9999 -9999 -9999 -9999 -9999 -9999 -9999 -9999 -9999 -9999 -9999 -9999 -9999 -9999 -9999 -9999 -9999 -9999 -9999 -9999 -9999 -9999 -9999 -9999 -9999 -9999 -9999 -9999 -9999 -9999 -9999 -9999 -9999 -9999 -9999 -9999 -9999 -9999 -9999 -9999 -9999 -9999 -9999 -9999 -9999 -9999 -9999 -9999 -9999 -9999 -9999 -9999 -9999 -9999 -9999 -9999 -9999 -9999 -9999
-9999 -9999 -9999 -9999 -9999 -9999 -9999 -9999 -9999 -9999 -9999 -9999 -9999 -9999 -9999 -9999 -9999 -9999 -9999 -9999 -9999 -9999 -9999 -9999 -9999 -9999 -9999 -9999 -9999 -9999 -9999 -9999 -9999 -9999 -9999 -9999 -9999 -9999 -9999 -9999 -9999 -9999 -9999 -9999 -9999 -9999 -9999 -9999 -9999 -9999 -9999 -9999 -9999 -9999 -9999 -9999 -9999 -9999 -9999 -9999 -9999 -9999 -9999 -9999 -9999 -9999 -9999 -9999 -9999 -9999 -9999 -9999 -9999 -134.46 -9999 -9999
-9999 -9999 -9999 -9999 -9999 -9999 -136.7 -141.95 -150.56 -155.27 -150.08 -137.55 -9999 -9999 -9999 -9999 -9999 -9999 -9999 -9999 -9999 -9999 -9999 -9999 -9999 -9999 -9999 -9999 -9999 -9999 -9999 -9999 -9999 -9999 -9999 -9999 -9999 -9999 -9999 -9999 -9999 -9999 -9999 -9999 -9999 -9999 -9999 -9999 -9999 -9999 -9999 -9999 -9999 -9999 -9999 -9999 -9999 -9999 -9999 -9999 -9999 -9999 -9999 -9999 -9999 -9999 -9999 -9999 -9999 -9999 -9999 -9999 -9999 -9999 -9999 -9999
-9999 -9999 -9999 -9999 -9999 -9999 -9999 -9999 -9999 -138.36 -139.24 -140.02 -139.43 -139.46 -139.6 -138.38 -9999 -9999 -9999 -138.43 -139.07 -139.67 -139.97 -139.49 -139.16 -138.38 -138.2 -138.21 -9999 -9999 -9999 -9999 -9999 -9999 -9999 -9999 -9999 -9999 -9999 -9999 -9999 -9999 -9999 -9999 -9999 -9999 -9999 -9999 -9999 -9999 -9999 -9999 -9999 -9999 -9999 -9999 -9999 -9999 -9999 -9999 -9999 -9999 -9999 -9999 -9999 -9999 -9999 -9999 -9999 -9999 -9999 -9999 -9999 -9999 -9999 -9999
-9999 -9999 -9999 -9999 -9999 -140.29 -140.02 -9999 -9999 -9999 -9999 -9999 -139.8 -139.96 -140.17 -140.16 -140.07 -139.89 -139.81 -140.36 -141.29 -141.56 -141.55 -141.53 -141.52 -141.51 -141.49 -141.52 -141.01 -139.93 -139.73 -139.77 -139.74 -140 -140.41 -140.9 -141.52 -142.06 -141.93 -139.6 -9999 -9999 -9999 -140.81 -143.29 -143.63 -142.79 -141.72 -139.55 -9999 -9999 -9999 -140.55 -142.77 -142.53 -140.33 -9999 -9999 -9999 -9999 -9999 -9999 -9999 -9999 -9999 -9999 -9999 -9999 -9999 -9999 -9999 -9999 -9999 -9999 -9999 -9999
-142.2 -142.18 -142.16 -142.84 -144.69 -145.13 -143.25 -142.07 -142.05 -142.03 -142.01 -142 -142.12 -142.33 -142.31 -142.3 -142.28 -142.27 -142.25 -142.05 -141.92 -142.2 -142.19 -142.18 -142.16 -142.15 -142.13 -142.4 -142.85 -142.84 -143.11 -143.56 -143.55 -143.63 -143.79 -143.49 -143.01 -143 -142.99 -143.32 -143.82 -143.71 -143.59 -144.12 -145.28 -145.22 -145.15 -144.47 -142.57 -141.22 -141.21 -141.86 -143.65 -144.85 -144.91 -144.9 -144.18 -142.41 -141.4 -141.39 -141.25 -141.01 -141.14 -141.36 -141.35 -141.2 -140.97 -140.9 -140.79 -140.78 -140.77 -140.87 -141.14 -141.34 -141.33 -141.3
-147.89 -147.87 -147.85 -147.83 -147.81 -147.79 -147.77 -147.75 -147.73 -147.71 -147.69 -147.67 -147.66 -147.64 -147.62 -147.6 -147.59 -147.57 -147.56 -146.28 -145.42 -147.51 -147.49 -147.48 -147.56 -147.72 -147.7 -147.69 -147.67 -147.66 -147.65 -147.63 -147.62 -148.4 -149.72 -149.71 -149.69 -149.68 -149.67 -149.98 -150.08 -149.37 -148.62 -147.37 -147.36 -146.91 -146.17 -146.64 -146.52 -145.01 -145 -144.71 -144.23 -144.5 -145.06 -145.22 -145.21 -144.72 -143.91 -143.9 -143.89 -143.88 -143.87 -143.86 -143.85 -143.85 -143.8 -143.34 -142.71 -142.7 -142.69 -143.48 -145.69 -147.14 -147.13 -146.99
-152.79 -152.77 -152.75 -152.72 -152.7 -152.68 -152.66 -152.64 -152.62 -152.61 -152.59 -152.57 -152.65 -152.8 -152.78 -152.76 -152.75 -152.73 -152.71 -152.69 -152.68 -152.66 -152.65 -152.63 -153.22 -154.2 -154.19 -154.17 -154.16 -154.14 -154.13 -154.12 -154.1 -154.79 -155.93 -155.92 -155.83 -155.68 -155.67 -154.96 -153.78 -153.77 -153.46 -152.95 -152.93 -151.8 -149.93 -151.32 -152.24 -149.89 -149.88 -149.97 -150.13 -150.12 -150.4 -150.89 -150.88 -149.41 -146.97 -146.96 -146.95 -146.94 -146.93 -146.98 -147.07 -147.06 -146.78 -146.58 -147.04 -147.03 -147.02 -147.72 -149.2 -149.73 -149.72 -149.71
-165.26 -165.37 -165.26 -165.11 -165.09 -165.07 -165.05 -165.03 -165.01 -164.89 -164.64 -164.52 -165.32 -166.67 -166.65 -166.66 -166.67 -166.66 -166.64 -166.62 -166.6 -166.53 -166.41 -166.39 -165.57 -164.22 -164.2 -164.09 -163.91 -163.89 -163.84 -163.75 -163.74 -163.72 -163.71 -163.7 -163.14 -162.13 -162.05 -162.21 -161.99 -161.65 -161.5 -161.25 -161.24 -161.23 -161.22 -161.2 -161.19 -161.18 -161.17 -161.86 -163.01 -163 -159.89 -154.72 -154.72 -154.34 -153.73 -153.72 -153.71 -153.7 -153.69 -154.08 -154.75 -154.74 -154.71 -154.66 -154.66 -154.67 -154.69 -154.69 -154.98 -155.47 -155.46 -155.45
-177.08 -178.26 -177.67 -176.72 -176.7 -176.67 -176.65 -176.63 -176.61 -175.79 -174.02 -173.29 -174.02 -175.23 -175.21 -175.25 -175.34 -175.32 -175.3 -175.28 -175.26 -174.8 -174.05 -174.03 -173.32 -172.14 -172.12 -171.38 -170.16 -170.15 -169.81 -169.26 -169.25 -169.15 -168.99 -168.94 -169.07 -168.59 -168.11 -169.26 -167.85 -165.5 -165.35 -165.07 -164.99 -164.97 -164.96 -164.95 -164.92 -164.87 -165.02 -165.1 -164.8 -164.83 -162.54 -158.73 -158.72 -159.13 -159.82 -159.81 -159.8 -159.79 -159.78 -159.57 -159.23 -159.22 -159.07 -158.82 -158.81 -158.91 -159.07 -159.06 -159.19 -159.41 -159.4 -159.4
-180.12 -182.16 -182.13 -182.11 -182.09 -182.07 -182.18 -182.4 -182.37 -181.65 -180.32 -180.07 -179.27 -177.95 -177.93 -177.19 -175.97 -175.95 -175.93 -175.92 -175.9 -175.72 -175.44 -175.42 -175.41 -175.39 -175.37 -175.19 -174.9 -174.89 -174.59 -174.11 -174.1 -173.44 -172.22 -171.92 -171.78 -171.73 -171.72 -171.72 -171.74 -171.73 -170.6 -168.4 -167.86 -167.85 -167.83 -167.82 -167.64 -167.36 -168.47 -169.05 -167.06 -167.32 -165.93 -163.62 -163.61 -163.6 -163.59 -163.58 -163.57 -163.56 -163.55 -163.06 -162.24 -162.24 -162.23 -162.22 -162.21 -161.94 -161.5 -161.49 -161.48 -161.47 -161.47 -161.44
-181.57 -183.05 -183.02 -182.96 -182.87 -182.85 -183.9 -185.73 -185.89 -185.96 -184.83 -182.97 -182.14 -181.12 -181.1 -179.86 -177.81 -177.79 -177.77 -177.76 -177.74 -177.54 -177.22 -177.2 -177.19 -177.17 -177.15 -176.97 -176.68 -176.67 -176.67 -176.69 -176.79 -176.7 -175.93 -174.91 -173.86 -173.49 -173.27 -173.36 -173.52 -173.5 -172.37 -170.18 -169.63 -169.62 -169.6 -169.59 -169.41 -169.13 -169.12 -168.97 -168.87 -169.09 -168.17 -166.66 -166.65 -166.64 -166.63 -166.62 -166.61 -166.6 -166.59 -166.12 -165.35 -165.34 -165.33 -165.32 -165.32 -165.45 -165.67 -165.66 -165.65 -165.64 -165.63 -165.49
-182.98 -183.58 -183.59 -183.38 -182.93 -182.91 -183.52 -184.96 -186.14 -186.75 -185.88 -184.32 -182.62 -182.14 -182.12 -181.4 -180.21 -180.19 -180.13 -180.05 -180.03 -179.71 -179.19 -179.17 -179.11 -179.03 -179.01 -178.85 -178.6 -178.58 -178.64 -178.76 -179.59 -182.88 -184.1 -179.99 -178.54 -177.61 -176.2 -175.86 -175.32 -175.3 -174.19 -172.07 -171.59 -171.54 -171.46 -171.44 -171.25 -170.93 -170.92 -170.91 -170.89 -170.88 -170.43 -169.69 -169.68 -169.67 -169.66 -169.65 -169.64 -169.63 -169.62 -169.33 -168.85 -168.84 -168.84 -168.83 -168.82 -168.85 -168.91 -168.9 -168.89 -168.89 -168.88 -168.89
-184.59 -183.93 -184.19 -184.75 -184.92 -184.89 -184.47 -183.65 -183.25 -183.22 -183.56 -183.54 -183.52 -183.5 -183.48 -183.45 -183.43 -183.41 -183.09 -182.57 -182.55 -182.35 -182.03 -182.01 -181.69 -181.17 -181.15 -181.14 -181.12 -181.1 -180.62 -179.85 -179.83 -179.49 -178.94 -178.93 -178.59 -178.04 -178.03 -177.69 -177.14 -177.13 -176.2 -174.65 -174.64 -174.3 -173.76 -173.74 -173.41 -172.86 -172.85 -172.84 -172.83 -172.82 -172.69 -172.48 -172.47 -172.46 -172.44 -172.43 -172.42 -172.41 -172.4 -172.39 -172.39 -172.38 -172.37 -172.36 -172.35 -172.62 -173.08 -173.07 -173.07 -173.06 -173.05 -173.2
-184.22 -183.03 -183.01 -182.84 -182.58 -182.55 -182.69 -182.94 -182.91 -183.43 -184.31 -184.28 -184.26 -184.24 -184.22 -184.2 -184.18 -184.15 -183.99 -183.73 -183.71 -183.47 -183.09 -183.07 -182.87 -182.56 -182.54 -182.52 -182.5 -182.48 -182.16 -181.65 -181.63 -181.31 -180.8 -180.78 -180.45 -179.9 -179.88 -179.55 -179 -178.98 -178.39 -177.41 -177.4 -177.08 -176.57 -176.55 -176.18 -175.57 -175.56 -175.55 -175.53 -175.52 -175.67 -175.93 -175.92 -175.91 -175.9 -175.89 -175.88 -175.87 -175.86 -175.85 -175.84 -175.83 -175.82 -175.81 -175.8 -175.8 -175.79 -175.78 -175.77 -175.77 -175.76 -175.87
-183.71 -183.69 -183.66 -183.64 -183.61 -183.59 -183.71 -183.92 -183.9 -183.73 -183.47 -183.44 -183.44 -183.46 -183.43 -183.41 -183.39 -183.37 -183.35 -183.33 -183.31 -183.71 -184.39 -184.37 -184.05 -183.53 -183.52 -183.5 -183.48 -183.46 -183.3 -183.05 -183.03 -182.85 -182.57 -182.56 -182.26 -181.78 -181.77 -181.47 -180.99 -180.98 -180.8 -180.51 -180.5 -180.35 -180.11 -180.09 -179.48 -178.47 -178.45 -178.44 -178.43 -178.42 -178.56 -178.82 -178.81 -178.8 -178.79 -178.78 -178.77 -178.76 -178.75 -178.74 -178.73 -178.72 -178.71 -178.7 -178.7 -178.69 -178.68 -178.67 -178.67 -178.66 -178.66 -178.49
-184.72 -184.69 -184.67 -184.64 -184.62 -184.59 -184.57 -184.54 -184.52 -184.5 -184.47 -184.45 -184.59 -184.84 -184.82 -184.82 -184.83 -184.81 -184.79 -184.76 -184.74 -184.72 -184.7 -184.68 -184.52 -184.27 -184.25 -184.23 -184.21 -184.2 -184.18 -184.16 -184.14 -184.01 -183.8 -183.78 -183.76 -183.75 -183.73 -183.74 -183.76 -183.74 -183.56 -183.28 -183.27 -183.25 -183.24 -183.23 -182.91 -182.4 -182.39 -182.38 -182.36 -182.35 -182.47 -182.66 -182.65 -182.64 -182.63 -182.62 -182.61 -182.6 -182.59 -182.6 -182.63 -182.62 -182.61 -182.6 -182.6 -182.59 -182.58 -182.58 -182.57 -182.57 -182.56 -182.39
-185.38 -185.36 -185.33 -185.31 -185.28 -185.26 -185.23 -185.21 -185.19 -185.14 -185.09 -185.06 -185.22 -185.49 -185.47 -185.61 -185.86 -185.84 -185.84 -185.85 -185.83 -185.81 -185.79 -185.77 -185.79 -185.84 -185.82 -185.8 -185.79 -185.77 -185.75 -185.73 -185.72 -185.88 -186.16 -186.14 -186.13 -186.11 -186.1 -186.24 -186.5 -186.48 -186.33 -186.08 -186.06 -186.05 -186.04 -186.02 -185.85 -185.58 -185.57 -185.56 -185.55 -185.53 -185.36 -185.08 -185.07 -185.06 -185.05 -185.04 -185.03 -185.02 -185.02 -185.17 -185.43 -185.43 -185.42 -185.41 -185.41 -185.42 -185.45 -185.44 -185.43 -185.43 -185.43 -185.26
-186.09 -186.14 -186.11 -186.09 -186.06 -186.04 -186.02 -185.99 -185.97 -185.79 -185.5 -185.48 -185.74 -186.18 -186.16 -186.3 -186.54 -186.52 -186.66 -186.91 -186.89 -186.87 -186.85 -186.83 -187.15 -187.7 -187.68 -187.66 -187.65 -187.63 -187.61 -187.59 -187.58 -187.86 -188.35 -188.33 -188.34 -188.35 -188.34 -188.52 -188.84 -188.82 -188.85 -188.9 -188.89 -188.84 -188.76 -188.74 -188.6 -188.35 -188.34 -188.33 -188.32 -188.31 -188.2 -188.02 -188.01 -188.02 -188.05 -188.04 -188.03 -188.02 -188.01 -188.15 -188.38 -188.37 -188.36 -188.36 -188.35 -188.49 -188.71 -188.7 -188.7 -188.7 -188.69 -188.55
-187.1 -187.64 -187.62 -187.64 -187.68 -187.66 -187.63 -187.61 -187.59 -187.4 -187.11 -187.09 -187.06 -187.04 -187.02 -187.17 -187.41 -187.39 -187.51 -187.72 -187.7 -187.68 -187.66 -187.65 -188.11 -188.89 -188.87 -188.88 -188.9 -188.88 -188.86 -188.85 -188.83 -188.97 -189.22 -189.2 -189.35 -189.61 -189.59 -190.06 -190.84 -190.82 -191.13 -191.65 -191.64 -191.31 -190.76 -190.75 -190.74 -190.73 -190.72 -190.71 -190.7 -190.69 -191 -191.52 -191.51 -191.73 -192.09 -192.08 -192.08 -192.07 -192.06 -192.06 -192.05 -192.04 -192.08 -192.14 -192.13 -192.13 -192.12 -192.12 -192.12 -192.11 -192.11 -192.11
-187.97 -188.74 -188.72 -189.05 -189.63 -189.6 -189.6 -189.62 -189.59 -189.41 -189.12 -189.1 -189.07 -189.05 -189.03 -189.18 -189.43 -189.41 -189.39 -189.37 -189.35 -189.33 -189.31 -189.3 -189.74 -190.48 -190.46 -190.63 -190.92 -190.9 -190.88 -190.87 -190.85 -191 -191.24 -191.23 -191.38 -191.63 -191.62 -192.09 -192.87 -192.85 -193.16 -193.68 -193.67 -193.34 -192.8 -192.78 -192.77 -192.76 -192.75 -192.74 -192.74 -192.73 -193.04 -193.56 -193.55 -194.19 -195.25 -195.24 -195.23 -195.23 -195.22 -195.22 -195.21 -195.21 -195.52 -196.05 -196.05 -196.04 -196.04 -196.04 -196.04 -196.03 -196.03 -196.03
-188.8 -189.54 -189.52 -190.09 -191.06 -191.04 -191.18 -191.43 -191.41 -191.24 -190.99 -190.97 -190.97 -190.98 -190.96 -191.11 -191.35 -191.33 -191.34 -191.35 -191.33 -191.32 -191.3 -191.28 -191.57 -192.05 -192.03 -192.34 -192.85 -192.84 -192.82 -192.81 -192.79 -192.94 -193.18 -193.17 -193.34 -193.63 -193.62 -194.07 -194.81 -194.8 -195.11 -195.63 -195.62 -195.33 -194.86 -194.85 -194.86 -194.88 -194.87 -194.9 -194.96 -194.95 -195.23 -195.69 -195.68 -196.27 -197.27 -197.26 -197.3 -197.36 -197.35 -197.37 -197.4 -197.39 -197.67 -198.13 -198.13 -198.17 -198.23 -198.23 -198.27 -198.34 -198.34 -198.32
