inst/extdata/mad_northam.txt
ncols         447
nrows         229
xllcorner     -180
yllcorner     6.999903
cellsize      0.333333
NODATA_value  -9999
[rows 132 to 164 of 229, columns 148 to 221 of 447]
-9999 -9999 -9999 -9999 -9999 -9999 -9999 -9999 -9999 -9999 -9999 -9999 -9999 -9999 -9999 -9999 -9999 -9999 -9999 -9999 -9999 -82.48 -84.48 -87.51 -83.1 -77.92 -78.07 -78.95 -85.92 -93.88 -104.15 -105.55 -102.92 -101.56 -97.21 -96.63 -98.27 -100.57 -104.98 -107.29 -105.5 -107 -108.84 -105.16 -103.09 -107.06 -104.51 -107.58 -104.16 -101.7 -99.67 -99.13 -95.61 -94.86 -96.37 -102.69 -100.56 -112.75 -101.92 -99.66 -96.28 -96.45 -104.64 -98.1 -94.46 -95.46 -96.87 -104.47 -110.57 -109.2 -113.67 -115.69 -116.95 -115.55
-9999 -9999 -9999 -9999 -9999 -9999 -9999 -9999 -9999 -9999 -9999 -9999 -9999 -9999 -9999 -9999 -9999 -9999 -9999 -9999 -9999 -79.82 -81.51 -84.27 -82.69 -78.74 -76.68 -76.98 -80.62 -87.93 -98.65 -108.13 -103.6 -101.56 -98.91 -98.19 -98.34 -97.3 -103.13 -111.05 -104.21 -108.89 -107.63 -104.21 -100.92 -102.46 -100.43 -106.15 -102.99 -101.21 -99.65 -97.41 -95.23 -95.43 -98.99 -102.71 -105.33 -105.97 -98.95 -100.56 -93.45 -91.28 -93.07 -92.33 -97.41 -105.28 -97.66 -98.53 -99.53 -106.07 -113.07 -114.01 -117.21 -107.92
-9999 -9999 -9999 -9999 -9999 -9999 -9999 -9999 -9999 -9999 -9999 -9999 -9999 -9999 -9999 -9999 -9999 -9999 -9999 -9999 -9999 -9999 -76.89 -77.22 -79.63 -78.55 -75.62 -75.68 -77.14 -83.13 -94.12 -105.64 -110.14 -107.9 -104.14 -103.12 -99.37 -100.59 -100.94 -100.48 -103.41 -105.91 -103.26 -99.5 -95.69 -100.53 -97.86 -100.72 -100.55 -100.33 -98.28 -97.77 -96.1 -99.46 -106.76 -105.34 -107.9 -105.11 -95.54 -92.72 -93.71 -92.4 -92.76 -97.41 -103.39 -99.37 -104.34 -98.06 -100.03 -106.43 -106.09 -106.17 -111.45 -106.9
-9999 -9999 -9999 -9999 -9999 -9999 -9999 -9999 -9999 -9999 -9999 -9999 -9999 -9999 -9999 -9999 -9999 -9999 -9999 -9999 -9999 -9999 -9999 -75.62 -74.84 -75.04 -74.4 -74.41 -75.1 -79.07 -86.07 -97.12 -109.7 -113.1 -106.74 -105.68 -101.3 -97.66 -97.97 -96.64 -99.6 -99.9 -99.33 -96.41 -99.38 -97.72 -96.35 -97.27 -99.84 -100.69 -100.85 -96.72 -95.4 -99.2 -105.03 -103.1 -109.52 -108.24 -96.24 -95.97 -92.24 -93.67 -92.55 -98.43 -97.66 -95.6 -98.51 -104.98 -105.47 -112.45 -110.55 -109.99 -107.37 -102.9
-9999 -9999 -9999 -9999 -9999 -9999 -9999 -9999 -9999 -9999 -9999 -9999 -9999 -9999 -9999 -9999 -9999 -9999 -9999 -9999 -9999 -9999 -9999 -9999 -73.1 -75.37 -75.69 -73.42 -73.6 -75 -78.89 -87.4 -98.59 -111.98 -109.52 -105.79 -105.47 -97.98 -97.52 -95.99 -95.61 -96.33 -100.02 -96.82 -95.02 -95.87 -94.3 -93.28 -94.85 -98.01 -93.89 -93.4 -95.42 -103.17 -102.19 -104.42 -104.3 -96.86 -94.85 -93.26 -89.03 -95.85 -99.91 -100.14 -97.41 -99.03 -102.78 -110.16 -114.68 -116.18 -112.12 -110.79 -104.13 -97.17
-9999 -9999 -9999 -9999 -9999 -9999 -9999 -9999 -9999 -9999 -9999 -9999 -9999 -9999 -9999 -9999 -9999 -9999 -9999 -9999 -9999 -9999 -9999 -9999 -9999 -72.63 -78.38 -79.05 -72.76 -72.67 -73.85 -79.66 -88.74 -103.24 -107.2 -110.23 -96.14 -104.87 -97.97 -96.38 -93.37 -94.79 -94.89 -95.62 -94.4 -93.14 -90.23 -93.27 -93 -93.87 -93.76 -97.96 -99.28 -104.06 -102.02 -97.01 -96.4 -93.57 -89.99 -86.31 -89.35 -92.96 -93.13 -90.5 -91.37 -95.15 -98.74 -107.14 -106.18 -108.22 -107.37 -108.35 -105.41 -96.13
-9999 -9999 -9999 -9999 -9999 -9999 -9999 -9999 -9999 -9999 -9999 -9999 -9999 -9999 -9999 -9999 -9999 -9999 -9999 -9999 -9999 -9999 -9999 -9999 -9999 -74.75 -75.02 -77.63 -73.05 -71.2 -71.59 -72.88 -77.15 -87.02 -105.02 -115.95 -103.78 -98.92 -89.83 -90.53 -90.24 -90.84 -95 -91.91 -90.43 -88.64 -86.11 -86.79 -85.02 -83.84 -85.87 -85.04 -89.84 -93.69 -92.94 -91.95 -88.82 -86.65 -88.61 -87.79 -86.88 -88.81 -86.74 -87.06 -87.06 -90.66 -93.93 -95.14 -93.56 -94.91 -94.75 -102.9 -105.45 -96.08
-9999 -9999 -9999 -9999 -9999 -9999 -9999 -9999 -9999 -9999 -9999 -9999 -9999 -9999 -9999 -9999 -9999 -9999 -9999 -9999 -9999 -9999 -9999 -9999 -9999 -9999 -9999 -72.96 -77.06 -72.05 -70.27 -70.56 -71.24 -74.34 -86.43 -102.6 -110.44 -93.89 -84.19 -86.14 -83.89 -84.64 -85.75 -85.9 -85.8 -86.01 -86.51 -78.74 -79.66 -77.28 -86.38 -85.84 -88.1 -88.96 -90.19 -93.62 -89.14 -86.77 -87.68 -92.24 -92.01 -88.56 -86.99 -88.93 -89.96 -86.18 -87.89 -88.24 -89.37 -90.44 -92.86 -94.38 -100.8 -97.53
-9999 -9999 -9999 -9999 -9999 -9999 -9999 -9999 -9999 -9999 -9999 -9999 -9999 -9999 -9999 -9999 -9999 -9999 -9999 -9999 -9999 -9999 -9999 -9999 -9999 -9999 -69.82 -73.31 -75.78 -77.57 -71.35 -69.08 -69.36 -69.8 -74.6 -94.11 -112.95 -95.03 -90.13 -84.9 -77.19 -77.39 -78.31 -82.73 -88.44 -83.75 -85.9 -76.74 -73.75 -80.37 -85.14 -88.89 -90.27 -86.7 -92.68 -96.74 -88.1 -90.35 -90.17 -91.27 -93.21 -91.77 -87.94 -88.47 -92.52 -86.61 -86.47 -88 -88.7 -89.14 -91.08 -90.68 -94.09 -92.23
-9999 -9999 -9999 -9999 -9999 -9999 -9999 -9999 -9999 -9999 -9999 -9999 -9999 -9999 -9999 -9999 -9999 -9999 -9999 -9999 -9999 -9999 -9999 -9999 -9999 -9999 -9999 -74.26 -70.43 -75.54 -73.55 -68.5 -67.68 -68.02 -69.49 -84.35 -98.76 -95.62 -90.09 -82.06 -86.03 -74.85 -78.43 -78.42 -88.78 -83.96 -74.16 -74.29 -72.52 -75.51 -84.13 -86.12 -86.32 -85.81 -86.47 -90.45 -85.73 -85.22 -86.12 -87.92 -89.92 -91.11 -88.29 -89.3 -94.88 -88.93 -85.2 -86.4 -88.01 -88.41 -89.08 -92.96 -89.63 -83.39
-9999 -9999 -9999 -9999 -9999 -9999 -9999 -9999 -9999 -9999 -9999 -9999 -9999 -9999 -9999 -9999 -9999 -9999 -9999 -9999 -9999 -9999 -9999 -9999 -9999 -9999 -9999 -9999 -70.18 -69.59 -72.97 -69.64 -66.38 -66.49 -67.96 -78.83 -90.21 -90.03 -77.57 -79.1 -78.5 -72.87 -72.01 -75.53 -78.79 -80.8 -76.2 -73.35 -75.84 -79.6 -82.17 -81.34 -90.31 -87.85 -86.89 -90.23 -89.57 -81.59 -84.22 -85.79 -86.58 -89.13 -88.14 -90.11 -92.39 -88.87 -86.25 -86.26 -86.76 -85.84 -84.92 -89.41 -89.34 -81.73
-9999 -9999 -9999 -9999 -9999 -9999 -9999 -9999 -9999 -9999 -9999 -9999 -9999 -9999 -9999 -9999 -9999 -9999 -9999 -9999 -9999 -9999 -9999 -9999 -9999 -9999 -9999 -9999 -9999 -67.59 -69.89 -71.41 -67.46 -65.29 -66.81 -75.48 -84.56 -82.54 -77.14 -75.9 -77.87 -77.75 -75.24 -70.98 -79.54 -78.66 -80.58 -71.85 -76.14 -79.09 -80.82 -83.99 -86.26 -87.4 -86.15 -88.78 -90.97 -83.84 -80.6 -81.93 -84.6 -85.88 -86.07 -88.48 -88.31 -87.85 -89.39 -88.47 -86.87 -87.36 -81.03 -79.27 -77.48 -79.54
-9999 -9999 -9999 -9999 -9999 -9999 -9999 -9999 -9999 -9999 -9999 -9999 -9999 -9999 -9999 -9999 -9999 -9999 -9999 -9999 -9999 -9999 -9999 -9999 -9999 -9999 -9999 -9999 -9999 -9999 -66.63 -71.08 -72.53 -66.98 -64.68 -70.83 -81.79 -75.97 -74.7 -74.78 -76.34 -74.21 -70.9 -68.28 -76.12 -81.42 -77.7 -71.18 -72.17 -76.18 -79.56 -82.72 -84.69 -83.04 -84.14 -88.45 -90.18 -86.35 -81.26 -78.93 -81.69 -82.08 -82.51 -83.85 -85.53 -86.54 -88.73 -88.68 -85.48 -84.06 -78.05 -75.44 -79.08 -79.09
-9999 -9999 -9999 -9999 -9999 -9999 -9999 -9999 -9999 -9999 -9999 -9999 -9999 -9999 -9999 -9999 -9999 -9999 -9999 -9999 -9999 -9999 -9999 -9999 -9999 -9999 -9999 -9999 -9999 -9999 -62.19 -68.87 -76.05 -77.05 -81.86 -77.22 -75.7 -72.37 -73.23 -73.2 -73.19 -73.45 -71.47 -70.27 -73.11 -73.62 -71.68 -67.65 -66.53 -71.55 -76.61 -78.62 -83.36 -81.26 -79.39 -78.5 -80.21 -87.26 -83.71 -81.14 -80.44 -80.02 -80.69 -82.79 -83.5 -85.44 -86.94 -85.88 -84.94 -79.25 -75.75 -72.87 -78.51 -76.92
-9999 -9999 -9999 -9999 -9999 -9999 -9999 -9999 -9999 -9999 -9999 -9999 -9999 -9999 -9999 -9999 -9999 -9999 -9999 -9999 -9999 -9999 -9999 -9999 -9999 -9999 -9999 -9999 -9999 -9999 -9999 -61.59 -65.9 -71.66 -73.86 -70.49 -72.18 -76.39 -77.7 -74.55 -75.77 -75.47 -72.82 -69.57 -65.21 -65.42 -69.8 -67.49 -64.83 -68 -70.3 -71.14 -73.33 -78.11 -81.87 -77.32 -75.92 -84.38 -86.68 -85.35 -82.92 -81.1 -81.36 -81.22 -82.41 -83.6 -85.18 -85.2 -83.89 -79.3 -75.24 -71.57 -77.23 -76.47
-9999 -9999 -9999 -9999 -9999 -9999 -9999 -9999 -9999 -9999 -9999 -9999 -9999 -9999 -9999 -9999 -9999 -9999 -9999 -9999 -9999 -9999 -9999 -9999 -9999 -9999 -9999 -9999 -9999 -9999 -9999 -9999 -9999 -9999 -60.55 -64.14 -63.83 -67.64 -71.09 -69.75 -77.98 -86.43 -74.36 -70.53 -67.07 -65.25 -63.73 -65.22 -63.2 -63.19 -65.45 -67.56 -69.75 -73.23 -75.73 -71.97 -72.67 -75.46 -78.49 -82.95 -82.06 -82.9 -87.33 -86.98 -85.9 -86.07 -86.5 -85.46 -83.48 -81.52 -75.95 -72.44 -74.49 -75.4
-9999 -9999 -9999 -9999 -9999 -9999 -9999 -9999 -9999 -9999 -9999 -9999 -9999 -9999 -9999 -9999 -9999 -9999 -9999 -9999 -9999 -9999 -9999 -9999 -9999 -9999 -9999 -9999 -9999 -9999 -9999 -9999 -9999 -9999 -9999 -9999 -9999 -59.07 -62.02 -65.15 -66.26 -74.31 -63.62 -69.41 -68.62 -63.66 -62.58 -62.3 -60.43 -62.61 -64.84 -67.11 -67.05 -65.79 -65.23 -65.03 -67.34 -71.57 -73.8 -74.19 -76.91 -78.39 -87.01 -90.51 -88.07 -83.33 -84.29 -82.63 -82.39 -81.05 -74.38 -69.63 -71.89 -72.8
-9999 -9999 -9999 -9999 -9999 -9999 -9999 -9999 -9999 -9999 -9999 -9999 -9999 -9999 -9999 -9999 -9999 -9999 -9999 -9999 -9999 -9999 -9999 -9999 -9999 -9999 -9999 -9999 -9999 -9999 -9999 -9999 -9999 -9999 -9999 -9999 -9999 -9999 -9999 -63.22 -64.5 -73.82 -71.63 -59.28 -60.64 -65.56 -61.39 -59.07 -61.14 -64.97 -63.99 -63.08 -62.3 -61.5 -61.14 -60.79 -61.58 -65.79 -70.22 -71.3 -72.21 -77.06 -80.63 -82.2 -79.15 -82.32 -85.16 -82.59 -81.09 -76.7 -69.16 -68.73 -69.13 -68.04
-9999 -9999 -9999 -9999 -9999 -9999 -9999 -9999 -9999 -9999 -9999 -9999 -9999 -9999 -9999 -9999 -9999 -9999 -9999 -9999 -9999 -9999 -9999 -9999 -9999 -9999 -9999 -9999 -9999 -9999 -9999 -9999 -9999 -9999 -9999 -9999 -9999 -9999 -9999 -9999 -60.64 -69.36 -67.78 -58.6 -9999 -56.82 -60.61 -59.26 -60.54 -62.89 -61.43 -59.85 -59.69 -59.32 -60.82 -60.29 -60.38 -61.32 -66.01 -69.41 -68.16 -69.03 -74.73 -74.11 -74.97 -77.14 -79.72 -79.83 -80.24 -70.33 -68.22 -71.64 -64.69 -65.29
-9999 -9999 -9999 -9999 -9999 -9999 -9999 -9999 -9999 -9999 -9999 -9999 -9999 -9999 -9999 -9999 -9999 -9999 -9999 -9999 -9999 -9999 -9999 -9999 -9999 -9999 -9999 -9999 -9999 -9999 -9999 -9999 -9999 -9999 -9999 -9999 -9999 -9999 -9999 -9999 -57.09 -64.91 -71.51 -60.25 -55.99 -9999 -56.37 -57.53 -57.12 -58.22 -57.17 -57.18 -57.95 -58.87 -62.41 -61.2 -59.95 -60.81 -65.42 -65.98 -70.81 -71.44 -67.67 -68.18 -69.67 -72.22 -74.42 -76.91 -76.41 -68.2 -67.09 -67.33 -63.6 -62.57
-9999 -9999 -9999 -9999 -9999 -9999 -9999 -9999 -9999 -9999 -9999 -9999 -9999 -9999 -9999 -9999 -9999 -9999 -9999 -9999 -9999 -9999 -9999 -9999 -9999 -9999 -9999 -9999 -9999 -9999 -9999 -9999 -9999 -9999 -9999 -9999 -9999 -9999 -9999 -9999 -9999 -61.28 -67.39 -70.33 -57.31 -56.14 -55.12 -55.26 -56.68 -58.1 -57.81 -57.35 -58.89 -61.56 -63.81 -61.67 -60.78 -61.37 -64.23 -71.56 -68.9 -71.65 -70.85 -65.82 -68.49 -68.41 -73.38 -69.71 -69.14 -66.6 -65.96 -64.39 -64.11 -61.52
-9999 -9999 -9999 -9999 -9999 -9999 -9999 -9999 -9999 -9999 -9999 -9999 -9999 -9999 -9999 -9999 -9999 -9999 -9999 -9999 -9999 -9999 -9999 -9999 -9999 -9999 -9999 -9999 -9999 -9999 -9999 -9999 -9999 -9999 -9999 -9999 -9999 -9999 -9999 -9999 -9999 -58.62 -65.12 -74.27 -61.99 -55.63 -54.32 -54.45 -55.15 -56.82 -58.27 -57.23 -59.01 -61.68 -61.64 -62.19 -63.04 -62.89 -62.79 -65.01 -68.97 -70.19 -68.89 -69.48 -66.54 -67.37 -67.08 -66.42 -65.15 -63.68 -63.77 -62.09 -62.15 -61.75
-9999 -9999 -9999 -9999 -9999 -9999 -9999 -9999 -9999 -9999 -9999 -9999 -9999 -9999 -9999 -9999 -9999 -9999 -9999 -9999 -9999 -9999 -9999 -9999 -9999 -9999 -9999 -9999 -9999 -9999 -9999 -9999 -9999 -9999 -9999 -9999 -9999 -9999 -9999 -9999 -9999 -9999 -61.18 -69.42 -69.44 -56.77 -53.96 -9999 -54.35 -54.13 -54.69 -56.74 -57.02 -59.58 -60.05 -60.83 -64.69 -66.18 -65.98 -69.28 -69.39 -68.91 -68.2 -73.15 -69.42 -67.6 -66.22 -66.05 -63.54 -61.92 -62.15 -60.62 -60.3 -60.88
-9999 -9999 -9999 -9999 -9999 -9999 -9999 -9999 -9999 -9999 -9999 -9999 -9999 -9999 -9999 -9999 -9999 -9999 -9999 -9999 -9999 -9999 -9999 -9999 -9999 -9999 -9999 -9999 -9999 -9999 -9999 -9999 -9999 -9999 -9999 -9999 -9999 -9999 -9999 -9999 -9999 -9999 -56.62 -65.35 -68.17 -64.44 -55.09 -9999 -9999 -9999 -52.33 -53.11 -54.69 -56.98 -60.05 -62.08 -63.41 -66.4 -67.08 -69.85 -71.75 -68.37 -66.74 -67.38 -68.09 -69.43 -66.16 -63.22 -62.45 -60.22 -59.79 -59.4 -58.74 -57.21
-9999 -9999 -9999 -9999 -9999 -9999 -9999 -9999 -9999 -9999 -9999 -9999 -9999 -9999 -9999 -9999 -9999 -9999 -9999 -9999 -9999 -9999 -9999 -9999 -9999 -9999 -9999 -9999 -9999 -9999 -9999 -9999 -9999 -9999 -9999 -9999 -9999 -9999 -9999 -9999 -9999 -9999 -9999 -56.63 -66.65 -67.48 -57.91 -9999 -9999 -9999 -9999 -9999 -9999 -53.51 -57.61 -59.35 -61.8 -63.12 -67.18 -68.32 -69.98 -68.94 -66.87 -63.26 -66.04 -69.31 -64.57 -62.33 -63.21 -59.59 -58.78 -58.05 -59.57 -58.96
-9999 -9999 -9999 -9999 -9999 -9999 -9999 -9999 -9999 -9999 -9999 -9999 -9999 -9999 -9999 -9999 -9999 -9999 -9999 -9999 -9999 -9999 -9999 -9999 -9999 -9999 -9999 -9999 -9999 -9999 -9999 -9999 -9999 -9999 -9999 -9999 -9999 -9999 -9999 -9999 -9999 -9999 -9999 -9999 -61.66 -76.09 -59.17 -52.17 -9999 -9999 -9999 -9999 -9999 -51.58 -53.79 -56.29 -57.18 -59.42 -62.33 -64.14 -67.82 -66.77 -65.93 -62.06 -63.77 -65.88 -63.42 -62.98 -63.69 -59.4 -57.73 -56.9 -56.49 -58.03
-9999 -9999 -9999 -9999 -9999 -9999 -9999 -9999 -9999 -9999 -9999 -9999 -9999 -9999 -9999 -9999 -9999 -9999 -9999 -9999 -9999 -9999 -9999 -9999 -9999 -9999 -9999 -9999 -9999 -9999 -9999 -9999 -9999 -9999 -9999 -9999 -9999 -9999 -9999 -9999 -9999 -9999 -9999 -9999 -55.71 -64 -63.64 -53.58 -9999 -9999 -9999 -9999 -9999 -50.78 -52.93 -53.93 -55.16 -56.63 -58.27 -62.31 -64.83 -60.89 -64.1 -60.58 -64.42 -65.72 -68.95 -63.49 -62.69 -59.17 -57.98 -56.16 -55.84 -56.46
-9999 -9999 -9999 -9999 -9999 -9999 -9999 -9999 -9999 -9999 -9999 -9999 -9999 -9999 -9999 -9999 -9999 -9999 -9999 -9999 -9999 -9999 -9999 -9999 -9999 -9999 -9999 -9999 -9999 -9999 -9999 -9999 -9999 -9999 -9999 -9999 -9999 -9999 -9999 -9999 -9999 -9999 -9999 -9999 -9999 -57.19 -60.05 -55.89 -9999 -9999 -9999 -9999 -9999 -9999 -55 -55.55 -58.47 -58.64 -57.15 -59.6 -61.79 -60.43 -59.23 -58.19 -61.29 -66.07 -69.33 -66.27 -61.41 -58.3 -58.05 -57.08 -56.65 -55.44
-9999 -9999 -9999 -9999 -9999 -9999 -9999 -9999 -9999 -9999 -9999 -9999 -9999 -9999 -9999 -9999 -9999 -9999 -9999 -9999 -9999 -9999 -9999 -9999 -9999 -9999 -9999 -9999 -9999 -9999 -9999 -9999 -9999 -9999 -9999 -9999 -9999 -9999 -9999 -9999 -9999 -9999 -9999 -9999 -9999 -54.2 -56.12 -58.13 -51.47 -9999 -9999 -9999 -9999 -9999 -51.25 -54.27 -57.13 -56.67 -55.13 -55.6 -57.96 -57.68 -55.15 -55.66 -57.42 -64.91 -69.21 -68.81 -66.84 -60.88 -60 -57.09 -58.53 -54.62
-9999 -9999 -9999 -9999 -9999 -9999 -9999 -9999 -9999 -9999 -9999 -9999 -9999 -9999 -9999 -9999 -9999 -9999 -9999 -9999 -9999 -9999 -9999 -9999 -9999 -9999 -9999 -9999 -9999 -9999 -9999 -9999 -9999 -9999 -9999 -9999 -9999 -9999 -9999 -9999 -9999 -9999 -9999 -9999 -9999 -9999 -52.36 -56.32 -57.01 -51.79 -9999 -9999 -9999 -9999 -9999 -50.13 -49.89 -51.33 -52.04 -50.76 -51.86 -54.64 -52.5 -53.64 -52.65 -56.76 -65.44 -68.92 -67.68 -63.38 -62.72 -63.46 -57.12 -51.96
-9999 -9999 -9999 -9999 -9999 -9999 -9999 -9999 -9999 -9999 -9999 -9999 -9999 -9999 -9999 -9999 -9999 -9999 -9999 -9999 -9999 -9999 -9999 -9999 -9999 -9999 -9999 -9999 -9999 -9999 -9999 -9999 -9999 -9999 -9999 -9999 -9999 -9999 -9999 -9999 -9999 -9999 -9999 -9999 -9999 -9999 -9999 -9999 -55.25 -55.54 -51.05 -9999 -9999 -9999 -9999 -47.14 -46.38 -47.19 -47.83 -47.82 -49.2 -52.24 -50.18 -50.48 -53.19 -54.6 -60.9 -66.73 -66.34 -62.16 -62.23 -62.44 -57.47 -52.04
-9999 -9999 -9999 -9999 -9999 -9999 -9999 -9999 -9999 -9999 -9999 -9999 -9999 -9999 -9999 -9999 -9999 -9999 -9999 -9999 -9999 -9999 -9999 -9999 -9999 -9999 -9999 -9999 -9999 -9999 -9999 -9999 -9999 -9999 -9999 -9999 -9999 -9999 -9999 -9999 -9999 -9999 -9999 -9999 -9999 -9999 -9999 -9999 -9999 -50.76 -56.94 -47.55 -9999 -9999 -9999 -9999 -44.82 -44.97 -45.64 -47.04 -48.22 -49.17 -47.72 -51.95 -52.74 -55.34 -61.32 -62.22 -62.64 -62.57 -62.45 -62.2 -58.02 -51.32
-9999 -9999 -9999 -9999 -9999 -9999 -9999 -9999 -9999 -9999 -9999 -9999 -9999 -9999 -9999 -9999 -9999 -9999 -9999 -9999 -9999 -9999 -9999 -9999 -9999 -9999 -9999 -9999 -9999 -9999 -9999 -9999 -9999 -9999 -9999 -9999 -9999 -9999 -9999 -9999 -9999 -9999 -9999 -9999 -9999 -9999 -9999 -9999 -9999 -9999 -57.66 -56.33 -46.26 -9999 -9999 -9999 -9999 -43.7 -45.46 -45.72 -45.32 -46.02 -45.85 -47.63 -54.51 -57.32 -61.43 -64.8 -62.82 -62.35 -61.96 -58.94 -56.36 -52.45
