inst/extdata/mad_northam.txt
ncols         447
nrows         229
xllcorner     -180
yllcorner     6.999903
cellsize      0.333333
NODATA_value  -9999
[rows 66 to 98 of 229, columns 296 to 369 of 447]
-9999 -9999 -9999 -9999 -9999 -9999 -9999 -9999 -9999 -9999 -9999 -132.42 -132.78 -132.67 -132.05 -132.32 -132.29 -132.14 -132.5 -132.5 -132.68 -132.72 -133.24 -132.88 -132.85 -132.45 -132.16 -131.51 -128.02 -125.4 -9999 -9999 -9999 -9999 -9999 -9999 -9999 -9999 -9999 -9999 -9999 -9999 -9999 -9999 -9999 -9999 -9999 -9999 -9999 -9999 -9999 -9999 -9999 -9999 -9999 -9999 -9999 -9999 -9999 -9999 -9999 -9999 -9999 -9999 -9999 -9999 -9999 -9999 -9999 -9999 -9999 -9999 -9999 -9999
-9999 -9999 -9999 -9999 -9999 -9999 -9999 -9999 -9999 -9999 -129.89 -129.75 -129.71 -130.15 -130.14 -130.55 -130.17 -130.46 -130.64 -130.77 -130.85 -130.92 -130.86 -131.01 -131.18 -130.59 -130 -130.27 -129.67 -129.14 -128.52 -127.3 -126.59 -123.66 -122.22 -9999 -9999 -9999 -9999 -9999 -9999 -9999 -9999 -9999 -9999 -9999 -9999 -9999 -9999 -9999 -9999 -9999 -9999 -9999 -9999 -9999 -9999 -9999 -9999 -9999 -9999 -9999 -9999 -9999 -9999 -9999 -9999 -9999 -9999 -9999 -9999 -9999 -9999 -9999
-9999 -9999 -9999 -9999 -9999 -9999 -9999 -9999 -9999 -9999 -9999 -127.76 -128 -128.19 -128.13 -128.34 -128.63 -128.46 -128.44 -128.51 -128.59 -128.36 -128.15 -128.49 -128.68 -128.37 -127.93 -127.52 -127.43 -127.08 -126.76 -126.26 -124.89 -123.99 -121.77 -9999 -9999 -9999 -9999 -9999 -9999 -9999 -9999 -9999 -9999 -9999 -9999 -9999 -9999 -9999 -9999 -9999 -9999 -9999 -9999 -9999 -9999 -9999 -9999 -9999 -9999 -9999 -9999 -9999 -9999 -9999 -9999 -9999 -9999 -9999 -9999 -9999 -9999 -9999
-9999 -9999 -9999 -9999 -9999 -9999 -9999 -9999 -9999 -9999 -9999 -9999 -126.34 -126.33 -126.9 -126.61 -126.77 -126.63 -126.79 -127.06 -127.13 -126.84 -126.57 -126.54 -126.76 -126.29 -126.31 -125.94 -125.05 -124.86 -124.49 -124.21 -123.79 -122.88 -121.14 -9999 -9999 -9999 -9999 -9999 -9999 -9999 -9999 -9999 -9999 -9999 -9999 -9999 -9999 -9999 -9999 -9999 -9999 -9999 -9999 -9999 -9999 -9999 -9999 -9999 -9999 -9999 -9999 -9999 -9999 -9999 -9999 -9999 -9999 -9999 -9999 -9999 -9999 -9999
-9999 -9999 -9999 -9999 -9999 -9999 -9999 -9999 -9999 -9999 -9999 -9999 -124.89 -125.4 -125.26 -125.42 -125.53 -125.39 -125.3 -125.27 -125.33 -125.48 -125.3 -125.36 -125.44 -125.04 -124.51 -124.52 -124.35 -124.56 -123.98 -123.14 -122.27 -121.9 -120.79 -9999 -9999 -9999 -9999 -9999 -9999 -9999 -9999 -9999 -9999 -9999 -9999 -9999 -118.08 -119.42 -119.22 -9999 -9999 -9999 -9999 -9999 -9999 -9999 -9999 -9999 -9999 -9999 -9999 -9999 -9999 -9999 -9999 -9999 -9999 -9999 -9999 -9999 -9999 -9999
-9999 -9999 -9999 -9999 -9999 -9999 -9999 -9999 -9999 -9999 -9999 -123.41 -123.82 -123.85 -123.9 -124.14 -124.06 -123.98 -124.14 -123.93 -123.77 -123.93 -123.7 -124.08 -124.09 -123.54 -124.3 -123.68 -123.81 -123.84 -123.54 -123.35 -122.76 -121.92 -120.37 -9999 -9999 -9999 -9999 -9999 -9999 -9999 -9999 -9999 -9999 -9999 -9999 -9999 -122.03 -124.12 -123.29 -120.24 -115.18 -9999 -9999 -9999 -9999 -9999 -9999 -9999 -9999 -9999 -9999 -9999 -9999 -9999 -9999 -9999 -9999 -9999 -9999 -9999 -9999 -9999
-9999 -9999 -9999 -9999 -9999 -9999 -9999 -9999 -9999 -9999 -122.22 -122.49 -122.63 -122.85 -122.91 -122.88 -122.79 -122.71 -122.61 -122.8 -123.22 -123.24 -122.88 -122.78 -122.68 -122.75 -123.32 -123.03 -123.16 -123.25 -123.08 -122.85 -122.37 -121.37 -120.07 -9999 -9999 -9999 -9999 -9999 -9999 -9999 -9999 -9999 -9999 -9999 -9999 -118.32 -122.08 -124.32 -126.11 -123.42 -121.4 -115.45 -9999 -9999 -9999 -9999 -9999 -9999 -9999 -9999 -9999 -9999 -9999 -9999 -9999 -9999 -9999 -9999 -9999 -9999 -9999 -9999
-9999 -9999 -9999 -9999 -9999 -9999 -9999 -9999 -120.8 -121.22 -121.29 -121.43 -121.5 -121.62 -121.96 -121.95 -122.06 -121.99 -121.91 -121.82 -122.12 -122.41 -122.42 -122.26 -122.29 -122.39 -122.18 -122.32 -122.05 -122.11 -122.03 -121.8 -121.33 -120.37 -118.82 -119.11 -119.39 -119.07 -9999 -9999 -9999 -9999 -9999 -9999 -9999 -9999 -118.43 -120.44 -123.57 -124.92 -126.36 -127.21 -125.5 -123.21 -115.97 -9999 -9999 -9999 -9999 -9999 -9999 -9999 -9999 -9999 -9999 -9999 -9999 -9999 -9999 -9999 -9999 -9999 -9999 -9999
-9999 -9999 -9999 -9999 -9999 -9999 -9999 -9999 -9999 -119.37 -119.8 -120 -120.3 -120.49 -120.61 -120.66 -120.92 -120.92 -120.9 -121.02 -121.16 -121.42 -121.45 -121.47 -121.53 -121.55 -121.54 -121.24 -121.51 -121.76 -121.41 -121.29 -120.78 -119.83 -119.49 -120.69 -120.15 -119.59 -118.83 -9999 -9999 -9999 -9999 -117.86 -118.35 -118.12 -119.89 -121.89 -123.95 -124.87 -125.29 -126.3 -126.12 -122.26 -9999 -9999 -9999 -9999 -9999 -9999 -9999 -9999 -9999 -9999 -9999 -9999 -9999 -9999 -9999 -9999 -9999 -9999 -9999 -9999
-9999 -9999 -9999 -9999 -9999 -9999 -9999 -9999 -9999 -9999 -9999 -9999 -118.52 -119.01 -119.31 -119.72 -120.01 -119.9 -119.65 -120.06 -120.16 -120.21 -120.27 -120.04 -120.24 -120.03 -120.42 -120.48 -120.79 -120.86 -121.19 -121.23 -121.1 -119.93 -120.59 -120.57 -120.19 -119.22 -118.2 -118.31 -118.13 -117.99 -118.25 -118.52 -118.53 -119.02 -120.24 -121.94 -124.11 -125.64 -125.47 -125.08 -123.76 -122.33 -118.53 -9999 -9999 -9999 -9999 -9999 -9999 -9999 -9999 -9999 -9999 -9999 -9999 -9999 -9999 -9999 -9999 -9999 -9999 -9999
-9999 -9999 -9999 -9999 -9999 -9999 -9999 -9999 -9999 -9999 -9999 -9999 -9999 -117.29 -117.94 -117.97 -118.29 -118.75 -118.71 -119.28 -119.29 -119.47 -119.66 -119.41 -119.13 -119.92 -120.23 -120.3 -120.58 -120.71 -120.84 -120.65 -120.55 -119.75 -119.74 -119.33 -118.87 -118.98 -118.34 -119.1 -118.9 -118.91 -118.93 -118.97 -119.2 -119.68 -121.48 -121.97 -123.74 -125.11 -125.95 -126.24 -124.74 -122.45 -121.38 -120.7 -118.71 -116.53 -9999 -9999 -9999 -9999 -9999 -9999 -9999 -9999 -9999 -9999 -9999 -9999 -9999 -9999 -9999 -9999
-9999 -9999 -9999 -9999 -9999 -9999 -9999 -9999 -9999 -9999 -9999 -9999 -9999 -9999 -116.85 -117.04 -117.22 -117.46 -117.8 -117.73 -117.88 -118.09 -118.46 -119.18 -119.55 -119.52 -119.83 -120.05 -119.96 -119.95 -119.96 -119.49 -118.88 -118.31 -118.44 -118.05 -118.71 -119.51 -118.9 -118.91 -118.42 -118.32 -118.57 -118.56 -119.79 -119.83 -121.39 -121.45 -122.89 -123.77 -125.39 -125.05 -124.73 -124.1 -122.34 -121.06 -9999 -116.47 -9999 -9999 -9999 -9999 -9999 -9999 -9999 -9999 -9999 -9999 -9999 -9999 -9999 -9999 -9999 -9999
-9999 -9999 -9999 -9999 -9999 -9999 -9999 -9999 -9999 -9999 -9999 -9999 -9999 -9999 -114.77 -115.91 -116.04 -115.96 -115.96 -116.23 -116.82 -117.42 -118.06 -118.31 -118.53 -118.76 -119.01 -118.7 -118.31 -118.54 -118.26 -118.64 -119.38 -118.86 -118.96 -118.6 -118.48 -118.96 -118.27 -118.38 -117.72 -117.79 -117.83 -118.2 -119.6 -120.19 -120.97 -121.24 -122.38 -123.84 -124 -124.27 -123.92 -123.37 -122.16 -121.91 -122.02 -117.01 -9999 -9999 -9999 -9999 -9999 -9999 -9999 -9999 -9999 -9999 -9999 -9999 -9999 -9999 -9999 -9999
-9999 -9999 -9999 -9999 -9999 -9999 -9999 -9999 -9999 -9999 -9999 -9999 -9999 -9999 -112.97 -114.73 -114.65 -115.01 -115.37 -115.97 -116.1 -116.21 -116.66 -116.91 -116.86 -117.28 -117.69 -117.82 -118 -117.64 -118.35 -118.66 -119.06 -118.63 -119.11 -118.72 -117.13 -118.25 -118.26 -117.62 -118.33 -118.66 -118.82 -119.21 -119.2 -119.81 -120.32 -121.13 -122.15 -122.58 -122.7 -123.06 -122.96 -122.72 -121.88 -121.33 -9999 -117.74 -117.21 -115.44 -9999 -9999 -9999 -9999 -9999 -9999 -9999 -9999 -9999 -9999 -9999 -9999 -9999 -9999
-9999 -9999 -9999 -9999 -9999 -9999 -9999 -9999 -9999 -9999 -9999 -9999 -9999 -9999 -110.8 -112.43 -113.49 -113.89 -114.34 -114.49 -114.67 -114.95 -115.14 -115.36 -115.89 -116.21 -116.48 -116.88 -117.42 -117.55 -116.83 -117.79 -118.37 -117.95 -118.1 -118.08 -117.28 -117.21 -117.63 -118.34 -118.04 -118.55 -118.74 -119.44 -119.47 -119.58 -119.96 -120.64 -121.31 -121.25 -121.47 -121.49 -121.69 -121.4 -119.69 -118.81 -118.83 -116.79 -114.44 -9999 -9999 -9999 -9999 -9999 -9999 -9999 -9999 -9999 -9999 -9999 -9999 -9999 -9999 -9999
-9999 -9999 -9999 -9999 -9999 -108.98 -9999 -9999 -9999 -9999 -9999 -9999 -9999 -9999 -108.96 -110.08 -112.19 -112.91 -113.01 -113.08 -113.01 -113.21 -114.65 -114.9 -114.97 -115.28 -115.87 -116.09 -116.41 -117 -116.58 -116.65 -117.61 -118.21 -118.11 -117.6 -116.37 -115.92 -116.58 -118.54 -118.96 -118.05 -117.98 -119.05 -119.51 -119.37 -119.42 -119.71 -120.35 -120.14 -120.04 -120.59 -120.94 -120.42 -119.43 -119.03 -117.94 -116.64 -115.16 -114.15 -9999 -9999 -9999 -9999 -9999 -9999 -9999 -9999 -9999 -9999 -9999 -9999 -9999 -9999
-9999 -9999 -9999 -9999 -9999 -9999 -9999 -9999 -9999 -9999 -9999 -9999 -9999 -108.94 -110.96 -111.25 -111.53 -111.7 -111.81 -112.47 -112.71 -112.71 -113.51 -113.45 -113.68 -114 -114.74 -115.16 -116.43 -116.63 -116.84 -117.06 -117.27 -117.46 -117.65 -117.85 -117.99 -118.06 -118.07 -117.94 -118.55 -118.58 -119 -118.59 -118.98 -119.18 -120.35 -119.81 -120.22 -119.9 -119.5 -120.08 -120.31 -119.76 -119.76 -119.7 -119.77 -118.63 -116.54 -116 -114.5 -113.41 -9999 -9999 -9999 -9999 -9999 -9999 -9999 -9999 -9999 -9999 -9999 -9999
-9999 -9999 -9999 -9999 -9999 -9999 -9999 -9999 -9999 -9999 -9999 -9999 -107.88 -109.29 -109.77 -110.11 -110.53 -110.51 -110.85 -111.33 -111.77 -111.91 -112.19 -112.34 -113.25 -113.99 -114.53 -114.51 -115.24 -115.48 -115.69 -116.24 -116.45 -116.74 -117.32 -117.59 -117.95 -117.92 -117.82 -117.6 -117.57 -117.53 -118.61 -118.69 -119.07 -119.03 -120.37 -119.37 -119.3 -119.29 -119.18 -119.37 -119.75 -120.2 -120.07 -119.5 -119.59 -119.03 -118.43 -117.28 -116.17 -114.56 -113.35 -9999 -9999 -9999 -9999 -9999 -9999 -9999 -9999 -9999 -9999 -9999
-9999 -9999 -9999 -9999 -9999 -9999 -9999 -9999 -9999 -9999 -105.6 -106.78 -107.19 -107.72 -108.3 -108.91 -109.19 -109.41 -109.6 -110.35 -110.76 -111.14 -111.55 -111.83 -112.13 -112.24 -112.48 -112.9 -113.59 -113.72 -114.66 -115.37 -115.69 -116.17 -117.48 -117.59 -117.9 -117.51 -117.03 -117.16 -117.32 -118.26 -117.22 -117.59 -117.94 -118.96 -119.24 -118.4 -119.08 -119 -118.63 -118.74 -118.93 -119.36 -119.47 -120.09 -119.72 -118.48 -117.49 -115.78 -114.37 -114.12 -113.09 -112.52 -112.09 -9999 -9999 -9999 -9999 -9999 -9999 -9999 -9999 -9999
-9999 -9999 -9999 -9999 -9999 -9999 -9999 -103.53 -105.01 -105.55 -105.77 -106.11 -106.36 -106.48 -106.87 -107.88 -108.24 -108.53 -108.66 -109.12 -109.71 -110.22 -111.46 -111.31 -111.65 -111.82 -112.08 -112.32 -112.3 -113.16 -113.95 -114.63 -115.32 -115.83 -116.12 -116.37 -116.12 -115.05 -115.24 -115.71 -116.73 -117.31 -117.27 -116.5 -116.17 -117.1 -118.19 -118.04 -118.71 -118.54 -117.94 -117.75 -117.27 -117.67 -117.81 -117.74 -118.57 -117.86 -118.1 -115.99 -114.94 -113.66 -113.69 -113.07 -9999 -113.8 -113.25 -9999 -110.79 -9999 -9999 -9999 -9999 -9999
-9999 -9999 -9999 -9999 -9999 -9999 -103.18 -103.72 -104.21 -104.55 -104.36 -104.43 -104.91 -105.41 -105.56 -106.07 -106.74 -106.88 -107.19 -107.85 -108.32 -109.01 -110.45 -110.41 -110.8 -111.06 -111.08 -111.4 -110.97 -111.91 -112.64 -113.27 -114.05 -114.37 -114.31 -114.11 -114.07 -114.21 -114.46 -114.98 -115.7 -115.77 -116.44 -115.43 -115.01 -115.68 -117.18 -116.65 -117.81 -117.55 -116.91 -117.19 -116.59 -116.54 -116.58 -115.68 -115.14 -114.37 -114.58 -114.18 -114.4 -114.14 -114.31 -115.05 -114.88 -114.52 -114.61 -113.71 -112.54 -111.47 -110.31 -9999 -9999 -9999
-9999 -9999 -9999 -9999 -9999 -9999 -100.92 -101.92 -102.64 -103.15 -103.23 -103.35 -103.65 -103.63 -103.58 -103.97 -104.38 -104.86 -105.47 -106.5 -106.87 -107.61 -108.88 -109.31 -110.07 -110.61 -110.44 -109.82 -109.5 -109.99 -110.54 -111.34 -111.99 -112.35 -112.48 -112.68 -112.94 -113.21 -113.47 -113.86 -114.58 -114.72 -114.86 -114.81 -114.07 -114.88 -116.48 -116.19 -116.5 -116.04 -115.6 -115.14 -115.25 -115.41 -115.53 -115.68 -115.84 -115.69 -114.94 -114.27 -113.94 -113.93 -114.32 -114.73 -113.83 -112.72 -111.72 -110.75 -109.65 -108.98 -108.7 -108.53 -9999 -9999
-9999 -9999 -9999 -9999 -9999 -9999 -9999 -99.59 -100.23 -101.02 -101.65 -101.83 -102.06 -102 -102.2 -102.99 -103.25 -103.26 -103.75 -104.01 -104.47 -105.14 -105.51 -105.95 -106.4 -107.04 -107.8 -108.09 -108.47 -108.99 -109.54 -110.02 -110.37 -110.66 -111.05 -111.34 -111.63 -111.91 -112.55 -113.19 -113.42 -113.83 -113.84 -113.71 -112.93 -113.87 -113.59 -113.38 -113.43 -113.53 -113.95 -114.2 -114.43 -114.79 -115.09 -115.69 -116.41 -116.81 -115.32 -113.89 -112.07 -111.09 -112.29 -111.01 -9999 -109.31 -9999 -112.05 -111.84 -112.05 -110.52 -109.74 -107.28 -9999
-9999 -9999 -9999 -9999 -9999 -9999 -9999 -98.31 -99.15 -99.87 -100.28 -100.54 -100.71 -100.89 -101.22 -101.91 -102.33 -102.8 -103.15 -102.99 -103.73 -104.26 -104.85 -105.43 -105.79 -106.06 -106.5 -106.87 -107.24 -107.9 -108.12 -108.58 -109.24 -109.52 -110.1 -110.44 -110.59 -110.64 -111.28 -111.74 -111.94 -112.57 -113.19 -112.98 -111.82 -112.98 -112.44 -112.52 -112.59 -112.47 -112.23 -112.19 -112.52 -112.75 -113.59 -114.51 -114.4 -113.78 -113.49 -112.87 -112.52 -111.03 -109.18 -107.96 -108.3 -111.81 -115.15 -115.72 -113.85 -111.91 -110.06 -107.68 -107.3 -107.89
-9999 -9999 -9999 -9999 -9999 -9999 -9999 -97.02 -97.8 -98.55 -99.27 -99.7 -99.99 -100.03 -100.35 -100.83 -101.52 -101.98 -102.61 -102.7 -102.94 -103.31 -103.8 -104.1 -104.61 -104.96 -105.29 -105.77 -106.43 -106.86 -107.01 -107.24 -108.11 -109.13 -109.81 -109.78 -109.77 -110.4 -110.14 -110.6 -111.01 -111.15 -111.64 -110.81 -110.71 -111.69 -112.32 -112.16 -112.29 -111.8 -111.67 -111.87 -111.66 -111.14 -111.08 -111.6 -111.87 -111.55 -111.87 -111.53 -110.19 -110.8 -109.39 -109.64 -112.5 -113.65 -112.84 -112.69 -111.54 -110.38 -108.59 -109.07 -110.1 -108.26
-95.21 -9999 -9999 -9999 -9999 -9999 -9999 -9999 -96.24 -96.97 -97.76 -98.23 -98.91 -98.97 -99.2 -99.44 -100.17 -100.65 -101.38 -101.75 -102.2 -102.78 -102.51 -103.02 -103.83 -104.12 -104.28 -104.81 -105.5 -105.64 -105.85 -105.91 -106.49 -107.45 -107.95 -108.47 -108.67 -109.26 -108.86 -109.31 -109.58 -109.71 -110.01 -109.69 -109.31 -109.69 -110.13 -109.95 -110.34 -110.38 -110.59 -111.92 -112.63 -112.63 -111.34 -111.3 -111.23 -110.22 -109.96 -110.11 -111.51 -111.73 -110.85 -110.05 -111.53 -110.98 -110.83 -110.18 -110.03 -109.89 -109.21 -109.33 -108.45 -106.83
-9999 -9999 -9999 -9999 -9999 -9999 -9999 -9999 -94.7 -95.6 -96.45 -97.19 -97.39 -97.79 -97.92 -98.59 -99.21 -99.44 -100.05 -100.39 -101.03 -101.3 -101.75 -102.06 -102.5 -102.8 -102.55 -102.82 -103.39 -104.21 -104.86 -105.89 -106.7 -106.02 -105.58 -106.83 -107.21 -107.78 -107.64 -108.2 -107.9 -108.22 -107.94 -107.88 -107.99 -108.03 -108.37 -108.97 -109.2 -109.1 -109.11 -109.52 -110.74 -110.81 -110.35 -109.94 -109.51 -109.54 -109.66 -109.57 -109.72 -109.49 -109.72 -110.28 -110.66 -110.55 -110.6 -110.1 -109.03 -109.31 -109.35 -108.47 -106.99 -105.57
-9999 -9999 -9999 -9999 -9999 -9999 -9999 -9999 -93.15 -94.17 -94.97 -95.9 -96.46 -96.73 -97 -97.62 -97.93 -98.25 -98.54 -98.77 -99.07 -99.62 -99.96 -100.21 -100.55 -101.05 -102.37 -104.12 -104.22 -105.11 -105.12 -105.13 -105.5 -105.67 -105.12 -104.43 -104.65 -105 -105.35 -106.21 -105.22 -105.77 -105.87 -106.07 -107.42 -107.32 -108.26 -108.95 -108.54 -109.18 -108.54 -108.07 -108.11 -108.85 -109.01 -109.28 -108.29 -108.05 -108.65 -108.78 -108.38 -107.92 -108 -108.11 -108.34 -108.12 -108.78 -108.56 -107.43 -107.33 -107.34 -107.27 -107.05 -106.12
-91.36 -9999 -9999 -9999 -9999 -9999 -9999 -91.75 -92.42 -93.1 -94.13 -94.92 -95.25 -95.46 -95.94 -96.54 -96.97 -97.05 -97.37 -97.92 -98 -98.07 -98.27 -98.56 -99.18 -101.97 -103.01 -102.98 -102.49 -102.6 -103.35 -104.05 -102.59 -102.4 -103.15 -102.15 -102.31 -102.76 -102.11 -103.1 -104.55 -104.9 -105.31 -104.83 -104.98 -106.1 -106.71 -106.47 -107.26 -107.59 -107.44 -107.34 -106.92 -107.37 -107.77 -107.99 -107.94 -106.6 -106.61 -107.36 -108.09 -107.38 -106.3 -105.94 -106.39 -106.34 -105.74 -104.93 -104.9 -104.82 -105.02 -105.43 -105.72 -104.12
-90.42 -90.16 -9999 -9999 -9999 -9999 -9999 -9999 -91.33 -92.09 -93.08 -93.95 -94.26 -94.73 -94.99 -95.46 -95.88 -96.16 -96.44 -96.63 -96.85 -97.08 -97.58 -98.04 -98.66 -99.19 -99.35 -99.71 -100.91 -100.71 -100.85 -101.65 -102.58 -101.05 -100.91 -100.78 -99.31 -100.46 -98.99 -103.93 -104.9 -104.44 -104.06 -104.14 -103.9 -104.72 -104.58 -104.83 -105.19 -105.5 -107.61 -106.24 -104.87 -105.67 -107.15 -106.33 -105.24 -104.93 -104.36 -105.32 -105.76 -105.31 -105.4 -104.02 -104.41 -103.08 -102.63 -101.9 -101.45 -101.25 -100.72 -100.54 -100.63 -99.47
-89.04 -88.82 -88.9 -89 -9999 -89.32 -89.61 -89.92 -91.39 -91.84 -92.72 -93.25 -93.56 -93.77 -94.4 -94.8 -95.2 -95.18 -95.44 -95.62 -95.81 -96.21 -96.37 -96.53 -96.57 -97.15 -97.52 -98.87 -99.64 -98.87 -99.65 -99.81 -101.46 -101 -100.25 -99.66 -98.64 -98.35 -98.28 -100.17 -99.57 -101.56 -101.52 -102.09 -100.97 -101.71 -102.89 -103.54 -102.41 -101.35 -104.12 -104.68 -105.34 -104.03 -103.9 -103.44 -102.41 -101.53 -100.81 -101.79 -102 -102.12 -102.65 -101.85 -100.95 -100.62 -99.57 -98.35 -9999 -9999 -9999 -9999 -9999 -9999
-87.86 -88.17 -88.56 -88.63 -88.36 -88.4 -89.26 -89.92 -90.68 -91.45 -92.1 -92.3 -92.45 -92.73 -93.06 -93.64 -94.02 -94.34 -94.61 -95.08 -95.3 -95.33 -95.22 -95.75 -96.54 -97.25 -97.59 -98.03 -98.17 -97.66 -97.61 -98 -98.32 -99.62 -101.01 -98.06 -98.28 -97.17 -98.42 -99.16 -97.83 -98.95 -98.83 -98.85 -97.88 -98.3 -100.61 -100.58 -100.29 -100.2 -98.91 -98.49 -99.41 -99.1 -98.92 -98.64 -98.38 -98.72 -98.14 -98.23 -97.87 -98.37 -98.79 -98.49 -97.87 -97.13 -96.28 -9999 -9999 -9999 -9999 -9999 -9999 -99.73
-87.6 -88.44 -89.51 -89.83 -89.56 -89.09 -88.89 -89.84 -90.51 -90.94 -91.18 -91.54 -91.83 -91.98 -92.26 -93.07 -93.41 -93.63 -94.02 -94.31 -94.71 -94.8 -94.57 -95.47 -95.84 -96.11 -96.17 -96.07 -97.01 -96.84 -97.48 -97 -96.59 -97.36 -98.48 -96.48 -96.59 -96.27 -95.63 -97.05 -96.34 -97.47 -95.31 -95.46 -95.76 -93.93 -95.52 -94.55 -94.22 -94.13 -94.33 -94.03 -94.23 -94.01 -93.89 -93.9 -94.45 -94.42 -94.55 -94.71 -94.62 -94.79 -95.12 -95.1 -94.34 -9999 -9999 -9999 -9999 -9999 -9999 -9999 -96.73 -99.31
