inst/extdata/mad_globe.txt
ncols         1080
nrows         540
xllcorner     -180
yllcorner     -90
cellsize      0.333333
NODATA_value  -9999
[rows 306 to 339 of 540, columns 912 to 987 of 1080]
-9999 -9999 -9999 -9999 -9999 -9999 -9999 -9999 -9999 -9999 -9999 -9999 -9999 -9999 -9999 -9999 -9999 -9999 -9999 -9999 -9999 -9999 -9999 -9999 -9999 -9999 -29.51 -29.62 -29.57 -29.37 -29.3 -29.31 -9999 -9999 -29.68 -9999 -9999 -9999 -9999 -9999 -9999 -9999 -9999 -9999 -9999 -9999 -9999 -9999 -9999 -9999 -9999 -9999 -9999 -42.09 -43.23 -44.41 -44.35 -9999 -9999 -9999 -9999 -9999 -9999 -9999 -9999 -9999 -9999 -9999 -9999 -9999 -9999 -9999 -9999 -9999 -9999 -9999
-9999 -9999 -9999 -9999 -9999 -9999 -9999 -9999 -9999 -9999 -9999 -9999 -9999 -9999 -9999 -9999 -9999 -9999 -9999 -9999 -9999 -29.13 -29.16 -29.22 -29.19 -29.29 -29.56 -31.19 -31.17 -30.03 -29.57 -29.7 -29.61 -29.94 -30.08 -29.91 -30.1 -30.67 -9999 -9999 -9999 -9999 -9999 -9999 -9999 -9999 -9999 -9999 -9999 -9999 -9999 -9999 -9999 -41.71 -42.73 -43.97 -44.43 -44.3 -9999 -9999 -9999 -9999 -9999 -9999 -9999 -9999 -9999 -9999 -9999 -9999 -9999 -9999 -9999 -9999 -9999 -9999
-9999 -9999 -9999 -9999 -9999 -9999 -9999 -9999 -9999 -9999 -9999 -9999 -9999 -9999 -9999 -9999 -9999 -9999 -9999 -29.36 -29.61 -29.3 -29.19 -29.41 -29.29 -29.36 -30.16 -32.03 -32.04 -30.88 -30.26 -29.76 -29.54 -29.98 -30.28 -30.12 -30.14 -9999 -9999 -9999 -9999 -9999 -9999 -9999 -9999 -9999 -9999 -9999 -9999 -9999 -9999 -9999 -9999 -41.06 -42.28 -43.55 -44.13 -44.07 -9999 -9999 -9999 -9999 -9999 -9999 -9999 -9999 -9999 -9999 -9999 -9999 -9999 -9999 -9999 -9999 -9999 -9999
-9999 -9999 -9999 -9999 -9999 -9999 -9999 -9999 -9999 -9999 -9999 -9999 -9999 -9999 -9999 -9999 -9999 -9999 -9999 -29.46 -29.7 -29.29 -9999 -9999 -29.23 -29.46 -30.55 -30.5 -30.49 -30.16 -29.95 -29.6 -29.57 -29.83 -29.68 -29.68 -9999 -9999 -9999 -9999 -9999 -9999 -9999 -9999 -9999 -9999 -9999 -9999 -9999 -9999 -9999 -9999 -9999 -40.55 -41.76 -43.1 -43.31 -43.66 -9999 -9999 -9999 -9999 -9999 -9999 -9999 -9999 -9999 -9999 -9999 -9999 -9999 -9999 -9999 -9999 -9999 -9999
-9999 -9999 -9999 -9999 -9999 -9999 -9999 -9999 -9999 -9999 -9999 -9999 -9999 -9999 -9999 -9999 -9999 -9999 -29.4 -30.03 -30.82 -30.52 -30.51 -30.46 -30.91 -32.26 -34.07 -34.37 -33.75 -32.3 -31.31 -30.88 -30.74 -31.21 -29.97 -9999 -9999 -9999 -9999 -9999 -9999 -9999 -9999 -9999 -9999 -9999 -9999 -9999 -9999 -9999 -9999 -9999 -9999 -40.32 -41.29 -42.49 -44 -44.32 -43.21 -9999 -9999 -9999 -9999 -9999 -9999 -9999 -9999 -9999 -9999 -9999 -9999 -9999 -9999 -9999 -9999 -9999
-9999 -9999 -9999 -9999 -9999 -9999 -9999 -9999 -9999 -9999 -9999 -9999 -9999 -9999 -9999 -9999 -9999 -29.6 -29.75 -29.77 -30.37 -30.52 -31.67 -31.48 -32.13 -32.81 -33.5 -33.9 -32.96 -32.14 -30.95 -30.84 -30.84 -30.57 -29.99 -9999 -9999 -9999 -9999 -9999 -9999 -9999 -9999 -9999 -9999 -9999 -9999 -9999 -9999 -9999 -9999 -9999 -38.19 -39.42 -40.78 -42.02 -43.34 -43.79 -9999 -9999 -9999 -9999 -9999 -9999 -9999 -9999 -9999 -9999 -9999 -9999 -9999 -9999 -9999 -9999 -9999 -9999
-9999 -9999 -9999 -9999 -9999 -9999 -29.39 -29.52 -30.07 -30.65 -29.82 -9999 -9999 -9999 -9999 -9999 -29.61 -29.84 -30.35 -30.89 -30.4 -30.45 -31.16 -31.4 -32.67 -32.74 -33.21 -33.22 -32.06 -31.28 -30.69 -30.9 -30.36 -29.93 -29.73 -29.45 -9999 -29.63 -9999 -9999 -9999 -9999 -9999 -9999 -9999 -9999 -9999 -9999 -9999 -9999 -9999 -9999 -9999 -38.57 -40.08 -41.47 -42.85 -42.53 -41.71 -9999 -9999 -9999 -9999 -9999 -9999 -9999 -9999 -9999 -9999 -9999 -9999 -9999 -9999 -9999 -9999 -9999
-9999 -9999 -9999 -9999 -29.35 -29.43 -30.93 -30.91 -31.38 -31.95 -30.51 -29.55 -9999 -9999 -9999 -9999 -29.93 -30.94 -32.74 -32.46 -31.88 -31.18 -30.72 -31.22 -31.66 -32.6 -32.4 -31.98 -30.89 -30.52 -30.39 -30.41 -29.84 -29.48 -29.38 -9999 -9999 -9999 -9999 -9999 -9999 -9999 -9999 -9999 -9999 -9999 -9999 -9999 -9999 -9999 -9999 -9999 -9999 -37.69 -38.9 -40.17 -42.07 -42.86 -41.1 -9999 -42.57 -42.75 -9999 -9999 -9999 -9999 -9999 -9999 -9999 -9999 -9999 -9999 -9999 -9999 -9999 -9999
-9999 -9999 -9999 -29.82 -31.75 -32.44 -32.68 -32.05 -32.66 -32.91 -31.7 -31.03 -9999 -9999 -9999 -9999 -29.62 -30.17 -31.19 -31.94 -32.24 -31.88 -30.99 -31.16 -31.64 -32.08 -31.69 -31.09 -30.56 -30.12 -29.98 -29.63 -29.6 -29.25 -9999 -9999 -9999 -9999 -9999 -9999 -9999 -9999 -9999 -9999 -9999 -9999 -9999 -9999 -9999 -9999 -9999 -9999 -9999 -36.71 -37.85 -39.09 -40.41 -41.43 -40.29 -40.41 -41.17 -42.15 -41.85 -9999 -9999 -9999 -9999 -9999 -9999 -9999 -9999 -9999 -9999 -9999 -9999 -9999
-9999 -9999 -29.38 -30.1 -32.27 -34.11 -34.29 -33.46 -33.61 -33.42 -32.47 -30.54 -29.63 -30.22 -29.83 -29.72 -29.72 -30.84 -31.78 -30.92 -32.47 -32.16 -31.7 -32.12 -31.92 -31.88 -31.66 -31.19 -30.77 -30.39 -29.97 -29.95 -29.6 -29.25 -29.11 -9999 -9999 -9999 -9999 -9999 -9999 -9999 -9999 -9999 -9999 -9999 -9999 -9999 -9999 -9999 -9999 -9999 -9999 -35.58 -36.75 -37.81 -38.89 -39.86 -39.6 -39.68 -40.09 -41.23 -42.94 -40.68 -9999 -9999 -9999 -9999 -9999 -9999 -9999 -9999 -9999 -9999 -9999 -9999
-9999 -29.41 -30.02 -31.52 -33.26 -34.91 -34.91 -34.23 -34.5 -34.06 -31.81 -30.29 -29.86 -30.4 -30.09 -30.24 -30.55 -30.34 -30.34 -30.87 -31.66 -32.16 -32.43 -32.15 -31.92 -31.9 -31.79 -31.64 -31.34 -30.75 -30.73 -30.54 -29.72 -29.31 -29.35 -29.1 -28.86 -9999 -9999 -9999 -9999 -9999 -9999 -9999 -9999 -9999 -9999 -9999 -9999 -9999 -9999 -9999 -9999 -34.43 -35.36 -36.37 -37.39 -38.61 -39.39 -39.18 -39.47 -40.28 -40.51 -39.29 -9999 -9999 -9999 -9999 -9999 -9999 -9999 -9999 -9999 -9999 -9999 -9999
-9999 -29.51 -31.77 -32.78 -33.95 -35.71 -35.02 -34.77 -34.63 -33.46 -32.23 -30.63 -30.56 -30.58 -30.66 -31.49 -30.97 -30.2 -30.66 -31.51 -31.78 -31.22 -32.11 -32.39 -32.16 -32.07 -31.97 -31.77 -31.81 -31.44 -31.59 -31.13 -30.01 -29.45 -29.8 -29.21 -28.77 -28.61 -9999 -9999 -9999 -9999 -9999 -9999 -9999 -9999 -9999 -9999 -9999 -9999 -9999 -9999 -32.63 -33.48 -34.26 -35.12 -36.14 -37.48 -38.57 -39.17 -39.91 -40.86 -40.17 -38.31 -9999 -9999 -9999 -9999 -9999 -9999 -9999 -9999 -9999 -9999 -9999 -9999
-9999 -29.94 -32.35 -34.48 -35.42 -36.55 -36.01 -35.46 -34.23 -34.25 -33.73 -32.34 -31.25 -31.24 -31.15 -31.13 -30.3 -31.62 -32.01 -31.95 -31.21 -31.12 -31.87 -32.65 -32.59 -32.41 -32.01 -31.82 -32.02 -31.85 -31.86 -31.26 -30.8 -30.2 -30.11 -29.2 -28.61 -28.48 -28.36 -28.25 -9999 -9999 -9999 -9999 -9999 -9999 -9999 -9999 -9999 -9999 -9999 -9999 -31.66 -32.5 -33.24 -34.04 -34.89 -35.94 -37.15 -38.25 -39.71 -41.72 -41.22 -37.35 -9999 -9999 -9999 -9999 -9999 -9999 -9999 -9999 -9999 -9999 -9999 -9999
-29.36 -30.14 -31.98 -34.39 -35.54 -37.24 -36.76 -35.69 -34.7 -35.27 -35.37 -33.39 -32.2 -31.12 -31.6 -31.57 -30.73 -33.25 -32.98 -31.95 -30.87 -31.21 -31.83 -32.37 -32.93 -32.84 -32.24 -32.24 -32.07 -32.38 -32.35 -31.67 -31.1 -30.53 -29.8 -28.97 -29.02 -28.71 -28.48 -28.57 -28.03 -9999 -9999 -9999 -9999 -9999 -9999 -9999 -9999 -9999 -9999 -9999 -30.77 -31.43 -32.14 -32.86 -33.63 -34.41 -35.29 -36.25 -38.01 -39.68 -40.55 -36.2 -34.42 -9999 -9999 -9999 -9999 -9999 -9999 -9999 -9999 -9999 -9999 -9999
-29.97 -31.59 -32.87 -34.15 -35.37 -35.4 -35.76 -35.89 -35.51 -36.2 -35.48 -34.06 -32.29 -31.32 -32.67 -31.89 -32.16 -33.49 -32.82 -31.72 -30.97 -31.08 -31.77 -32.43 -32.73 -32.52 -32.13 -31.98 -31.97 -31.88 -31.99 -31.71 -31.24 -30.81 -29.72 -29.45 -29.37 -29.2 -28.74 -28.99 -28.47 -27.72 -27.58 -9999 -9999 -9999 -9999 -9999 -9999 -9999 -9999 -29.33 -29.96 -30.52 -31.17 -31.85 -32.56 -33.38 -34.05 -34.73 -36.14 -37 -38.08 -37.84 -34.27 -9999 -9999 -9999 -9999 -9999 -9999 -9999 -9999 -9999 -9999 -9999
-29.89 -30.57 -32.09 -34.01 -33.7 -33.58 -34.59 -35.54 -36.4 -36.21 -36.22 -34.48 -33.45 -32.41 -31.87 -33.11 -33.7 -33.96 -33.29 -32.36 -31.47 -31.1 -32.09 -32.22 -32.29 -32.05 -31.74 -31.47 -31.42 -31.25 -31.21 -31.3 -31.33 -30.96 -30.14 -29.89 -30.07 -29.9 -29.79 -29.45 -29.3 -27.76 -27.44 -27.4 -27.34 -9999 -9999 -9999 -9999 -9999 -9999 -28.7 -29.24 -29.8 -30.35 -31 -31.71 -32.51 -33.19 -33.83 -34.88 -36.98 -37.54 -38.08 -34.33 -9999 -9999 -9999 -9999 -9999 -9999 -9999 -9999 -9999 -9999 -9999
-29.46 -29.97 -30.64 -32.5 -34.05 -32.91 -33.44 -34.83 -35.79 -36.52 -35.5 -34.17 -33.38 -32.06 -32.22 -33.15 -33.93 -34.26 -33.59 -32.44 -31.56 -31.16 -31.61 -31.76 -31.64 -31.5 -31.26 -31 -30.97 -31 -30.88 -30.82 -30.88 -30.94 -30.78 -30.46 -30.72 -30.68 -30.45 -30.09 -28.98 -28.16 -27.62 -27.33 -27.1 -26.9 -9999 -9999 -9999 -9999 -9999 -28.05 -28.56 -29.12 -29.65 -30.24 -30.91 -31.59 -32.43 -33.18 -34.29 -36.24 -37.63 -40.15 -37.94 -28.86 -9999 -9999 -9999 -9999 -9999 -9999 -9999 -9999 -9999 -9999
-29.58 -29.92 -30.96 -31.77 -31.29 -31.38 -32.96 -33.72 -34.38 -35.24 -34.97 -33.79 -32.23 -32.42 -33.7 -34.39 -34.64 -34.33 -33.26 -32.38 -31.94 -31.19 -31.17 -31.19 -31.07 -31.02 -30.82 -30.42 -30.52 -30.46 -30.55 -30.39 -30.37 -30.15 -30 -29.95 -30.28 -30.5 -30.21 -30.35 -29.88 -28.79 -27.71 -27.24 -26.88 -26.64 -26.63 -26.75 -26.77 -26.89 -27.13 -27.39 -27.89 -28.46 -29.03 -29.45 -30.15 -30.79 -31.75 -33.34 -33.83 -35.26 -36.74 -37.14 -34.14 -27.41 -9999 -9999 -9999 -9999 -9999 -9999 -9999 -9999 -9999 -9999
-29.2 -29.64 -30.58 -30.96 -30.53 -30.97 -31.77 -32.72 -33.68 -34.44 -34.75 -33.97 -33.15 -33.76 -34.22 -34.09 -34.18 -34.21 -33.14 -32.31 -31.6 -31.16 -30.91 -31.26 -30.96 -30.71 -30.33 -30.08 -30.39 -29.97 -29.88 -29.68 -29.6 -29.54 -29.56 -29.51 -29.69 -30.08 -29.89 -29.44 -28.95 -28.26 -27.58 -26.88 -26.6 -26.5 -26.44 -26.53 -26.65 -26.62 -26.74 -26.88 -27.3 -27.79 -28.74 -29.11 -29.55 -30.35 -31.94 -32.12 -33.43 -35.82 -35.71 -34.73 -31.11 -25.39 -9999 -9999 -9999 -9999 -9999 -9999 -9999 -9999 -9999 -9999
-29.29 -29.23 -29.62 -29.8 -30.29 -30.77 -31.87 -32.16 -33.15 -34.02 -34.27 -33.29 -33.57 -33.57 -33.56 -33.55 -33.76 -33.93 -33.1 -32.24 -31.45 -31.17 -30.52 -30.48 -30.37 -30.35 -30.23 -29.86 -30.38 -30.21 -29.51 -29.28 -29.16 -29.22 -29.21 -29.29 -29.3 -29.74 -30.07 -29.91 -29.27 -29.19 -27.7 -27.09 -26.75 -26.61 -26.4 -26.32 -26.58 -26.53 -26.4 -26.48 -26.78 -27.25 -28.02 -29.19 -29.25 -29.91 -32.06 -32.97 -32.68 -35.92 -34.02 -32.7 -29.86 -24.74 -9999 -9999 -9999 -9999 -9999 -9999 -9999 -9999 -9999 -9999
-29.87 -29.61 -29.71 -29.92 -30.08 -31.02 -31.73 -32.13 -32.7 -33.73 -34 -33.37 -33.03 -33.29 -33.84 -33.56 -33.59 -33.7 -33.12 -32.11 -31.34 -30.79 -30.37 -30.3 -30.23 -30.14 -29.84 -29.92 -30.32 -30.57 -29.62 -29.19 -29 -28.92 -28.81 -28.9 -29.02 -29.34 -29.77 -29.84 -29.73 -29 -28.19 -27.55 -27.22 -26.78 -26.38 -26.35 -26.33 -26.25 -26.19 -26.22 -26.49 -26.99 -27.48 -28.55 -29.83 -29.83 -32.21 -32.8 -31.72 -31.85 -30.8 -30.22 -30.69 -25.77 -22.16 -9999 -9999 -9999 -9999 -9999 -9999 -9999 -9999 -9999
-30.12 -30.39 -30.48 -30.52 -30.57 -30.75 -31.72 -32.45 -33.1 -33.62 -33.14 -32.7 -32.67 -33.31 -33.82 -33.83 -33.61 -33.54 -32.79 -31.94 -31.44 -30.99 -30.68 -30.23 -30.13 -30.14 -29.88 -30.06 -30.38 -30.68 -29.78 -29.22 -29.12 -28.94 -28.71 -28.77 -28.81 -28.99 -29.17 -29.27 -29.26 -29.03 -28.49 -27.92 -27.88 -27.65 -26.85 -26.35 -26.36 -26.11 -26.1 -26.13 -26.33 -26.79 -27.27 -27.83 -29.25 -30.28 -31.95 -33.48 -31.97 -31.12 -29.39 -28.03 -27.23 -29.14 -23.12 -20.25 -9999 -9999 -9999 -9999 -9999 -9999 -9999 -9999
-29.48 -30.01 -30.52 -30.7 -31 -31.18 -31.64 -32.09 -33.04 -32.92 -32.35 -32.37 -32.33 -32.83 -33.77 -33.37 -33.3 -33.09 -32.05 -31.49 -30.96 -30.63 -30.34 -30.3 -30.39 -29.75 -30.02 -30.05 -30.23 -30.7 -30.23 -29.51 -29.26 -28.88 -28.74 -28.74 -28.84 -28.82 -28.98 -29.12 -29.17 -29.13 -28.81 -28.31 -28.97 -28.87 -27.32 -26.57 -26.51 -26.33 -26.06 -26.08 -26.26 -26.58 -27.08 -27.66 -28.63 -30.95 -32.39 -34.26 -33.4 -30.76 -28.92 -27.32 -26.25 -25.15 -24.48 -20.92 -18.93 -9999 -9999 -9999 -9999 -9999 -9999 -9999
-29.76 -29.49 -29.66 -30.04 -30.37 -30.71 -31.14 -31.55 -32.11 -31.77 -31.9 -32.25 -32.65 -32.61 -32.84 -32.62 -32.84 -32.54 -31.61 -31.38 -31.18 -30.66 -30.57 -30.57 -30.47 -29.97 -29.77 -29.75 -29.8 -30.24 -30.55 -29.89 -29.42 -29.08 -28.9 -28.87 -28.91 -28.9 -28.85 -28.97 -29.04 -28.94 -29.12 -29.48 -29.59 -29.37 -28.51 -26.92 -26.93 -26.42 -26.14 -26.07 -26.22 -26.4 -26.81 -27.37 -28.22 -29.9 -33.31 -34.15 -33.51 -31.14 -29.77 -27.27 -25.03 -23.78 -23.21 -21.34 -18.68 -17.86 -17.16 -9999 -9999 -9999 -9999 -9999
-30.16 -30.21 -29.78 -29.95 -30.56 -30.56 -30.97 -31.42 -31.54 -31.28 -31.66 -32.5 -32.9 -33.18 -33.16 -32.9 -32.58 -31.84 -31.55 -31.81 -31.95 -31.16 -30.85 -30.72 -30.47 -30.21 -30.06 -30.17 -30.1 -30.43 -31.17 -30.68 -29.96 -29.49 -29.23 -29.1 -29.41 -29.5 -28.83 -28.74 -28.72 -28.71 -29.03 -29.64 -29.95 -30.19 -29.13 -27.71 -27 -26.7 -26.31 -26.01 -26.12 -26.2 -26.41 -26.73 -27.29 -27.93 -28.9 -31.19 -33 -32.04 -30.02 -27.32 -24.95 -23.49 -22.19 -21.72 -20.15 -17.95 -17.71 -16.85 -15.93 -9999 -9999 -9999
-30.08 -30.53 -30.83 -30.64 -30.33 -30.9 -31.1 -31.85 -31.39 -31.43 -31.82 -32.55 -32.31 -32.43 -32.6 -32.44 -31.97 -31.59 -31.76 -31.82 -31.86 -32.02 -31.59 -31.18 -31.47 -31.08 -30.68 -30.71 -30.55 -30.5 -31.44 -31.37 -30.53 -30.08 -29.65 -29.29 -29.37 -29.63 -29.05 -28.55 -28.51 -28.54 -28.8 -29.37 -30.05 -30.67 -29.74 -28.76 -27.39 -27.04 -26.46 -26.08 -26.01 -25.99 -25.99 -26.25 -26.29 -26.4 -27.03 -28.16 -29.18 -29.51 -28.72 -26.35 -23.94 -22.73 -22.25 -21.08 -19.99 -18.43 -18.31 -19.02 -17.09 -15.4 -9999 -9999
-29.97 -30.53 -30.69 -31.11 -31.21 -31.15 -31.02 -31.8 -32.15 -31.93 -31.77 -32.05 -32.43 -32.24 -32.02 -31.85 -31.7 -31.87 -31.8 -31.88 -31.95 -32.13 -32.25 -31.99 -31.78 -31.93 -31.6 -31.4 -31.16 -30.95 -31.32 -32.37 -31.72 -31.36 -30.62 -29.66 -29.62 -29.62 -29.31 -28.69 -28.54 -28.62 -28.77 -29.2 -29.98 -30.51 -30.41 -29.76 -28.27 -27.4 -26.75 -26.36 -26.02 -26.03 -25.82 -25.77 -25.74 -25.74 -25.81 -25.58 -25.91 -26.64 -26.5 -25.26 -23.33 -21.7 -20.83 -19.87 -19.28 -20.01 -18.52 -18.81 -18.43 -15.61 -14.92 -9999
-29.5 -29.82 -30.48 -30.68 -31.07 -31.55 -31.3 -31.79 -32.18 -32.05 -32.34 -32.75 -32.67 -31.75 -31.64 -31.85 -32.02 -31.84 -31.82 -31.96 -32.21 -32.47 -32.69 -32.88 -32.65 -32.62 -32.74 -32.13 -32.02 -32.04 -31.54 -31.89 -32.7 -31.87 -30.72 -30.07 -29.77 -29.56 -29.29 -29 -28.76 -28.6 -28.64 -28.91 -29.67 -30.79 -31.48 -30.22 -28.68 -28.98 -27.48 -26.69 -26.4 -26.25 -25.87 -25.68 -25.72 -25.77 -25.49 -25.12 -25.56 -25.43 -24.77 -24.38 -22.81 -21.25 -20.32 -19.62 -19.34 -19.9 -20.34 -19.13 -19.78 -16.92 -15.23 -9999
-28.98 -29.41 -29.79 -30.31 -30.98 -31.26 -31.69 -32.5 -32.56 -32.01 -32.08 -32.93 -32 -31.69 -32.08 -32.66 -32.66 -32.9 -32.88 -32.94 -33.06 -33.18 -33.39 -33.44 -33.47 -33.29 -33.36 -32.6 -32.88 -32.99 -32.36 -32.12 -32.12 -32 -31.5 -30.62 -30.52 -30.04 -29.65 -29.36 -29.08 -28.65 -28.61 -28.88 -29.41 -30.43 -30.8 -29.85 -29.09 -30.09 -28.06 -27.37 -27.11 -26.67 -26.12 -25.69 -25.77 -25.73 -25.71 -24.81 -24.5 -24.46 -23.65 -23.23 -23.14 -21.96 -20.82 -19.98 -18.93 -19.33 -19.66 -20.02 -19.99 -18.18 -16.92 -15.01
-28.87 -29.79 -30.42 -30.71 -30.67 -31.04 -31.37 -32.41 -32.77 -32.29 -32.24 -32.67 -32.11 -32.15 -32.37 -32.87 -32.68 -33.1 -33.65 -33.97 -34.08 -34.17 -34.32 -34.5 -34.48 -34.4 -34.08 -33.57 -33.32 -34.22 -33.57 -33.33 -32.28 -31.79 -31.63 -31.07 -30.79 -30.42 -30.23 -29.84 -29.66 -28.96 -28.61 -28.78 -29.31 -30.25 -30.1 -29.49 -29.47 -29.6 -28.55 -28.26 -27.65 -26.95 -26.18 -25.89 -25.56 -25.41 -25.29 -24.58 -23.81 -23.64 -22.93 -22.22 -22.81 -22.14 -20.78 -19.35 -19.16 -18.79 -19.08 -19.47 -19.02 -17.88 -17.8 -16.24
-28.64 -29.56 -29.99 -30.39 -31.02 -31.22 -31.32 -31.8 -32.55 -32.6 -32.57 -32.56 -32.33 -32.45 -32.24 -32.49 -32.98 -33.85 -34.61 -35.23 -35.2 -35.48 -35.69 -35.81 -35.72 -35.78 -35.46 -34.6 -34.21 -34.03 -34.05 -33.5 -33.18 -32.44 -31.93 -31.53 -31.05 -30.46 -29.97 -29.66 -29.35 -29.11 -28.91 -28.71 -29.22 -29.94 -29.45 -28.98 -29.05 -28.61 -28.26 -28.1 -27.62 -27.05 -25.95 -25.45 -25.29 -24.97 -24.89 -24.23 -23.32 -22.94 -22.39 -21.87 -22.83 -21.33 -20.28 -19.51 -19.18 -19.11 -18.96 -19.02 -18.36 -17.57 -17.71 -17.83
-28.25 -29.01 -29.72 -30.44 -31.07 -31.69 -32.07 -32.47 -32.89 -33.07 -32.59 -32.59 -32.37 -32.28 -32.31 -32.62 -33.1 -33.82 -34.86 -35.41 -35.73 -35.99 -35.97 -35.97 -36.02 -36.43 -36.69 -35.6 -35 -34.89 -34.71 -34.25 -33.78 -33.52 -33.21 -32.15 -31.34 -30.82 -30.09 -29.68 -29.42 -29.15 -28.91 -28.88 -28.84 -29.22 -29.17 -28.65 -28.71 -28.04 -28.25 -27.43 -26.82 -26.48 -25.73 -25.35 -24.99 -24.65 -24.6 -24.12 -23.13 -22.38 -21.85 -21.64 -21.91 -21.3 -20.84 -19.81 -19.72 -19.8 -20.24 -20.41 -18.42 -17.5 -17.3 -17.86
-28.41 -28.97 -29.64 -30.31 -30.92 -31.57 -31.9 -31.97 -32.56 -33.12 -33.35 -33.06 -32.77 -32.65 -32.71 -32.95 -33.41 -33.91 -34.53 -35.4 -35.22 -35.38 -35.41 -35.41 -35.31 -35.58 -35.95 -36.42 -36.03 -36.1 -35.64 -35.31 -34.51 -33.9 -33.4 -32.5 -31.66 -30.98 -30.78 -30.47 -30.28 -29.91 -29.09 -28.8 -28.82 -28.7 -28.62 -28.31 -28.19 -27.79 -27.82 -27.05 -26.41 -25.8 -25.77 -25.98 -25.75 -25.15 -24.3 -23.69 -22.8 -22.14 -21.81 -21.67 -22.26 -22.04 -21.42 -20.42 -20.55 -20.47 -19.93 -20.36 -19.17 -17.87 -17.68 -17.59
-28.36 -29.33 -29.59 -30.2 -30.96 -31.73 -31.74 -31.73 -32.25 -32.88 -33.23 -33.66 -33.77 -33.49 -33.63 -33.64 -34.19 -34.68 -34.99 -35.37 -35.71 -35.8 -35.62 -35.88 -35.8 -35.67 -35.94 -36.44 -37.14 -37.92 -37.13 -36.81 -36.14 -34.58 -32.96 -32.25 -31.53 -30.96 -30.75 -30.39 -30.04 -29.97 -29.46 -29 -28.63 -28.34 -28.17 -28.02 -27.82 -27.89 -27.33 -26.83 -25.94 -25.89 -26.25 -25.98 -25.48 -24.94 -23.83 -23.19 -22.45 -21.91 -21.59 -21.33 -22.65 -22.54 -21.91 -20.7 -21.02 -21.07 -19.66 -19.33 -19.22 -18.08 -17.52 -17.47
