inst/extdata/mad_globe.txt
ncols         1080
nrows         540
xllcorner     -180
yllcorner     -90
cellsize      0.333333
NODATA_value  -9999
[rows 68 to 101 of 540, columns 684 to 759 of 1080]
-107.82 -109.12 -109.93 -109.64 -108.92 -108.57 -108.78 -108.92 -109.06 -109.23 -109.35 -109.49 -109.62 -109.85 -109.87 -109.99 -110.16 -110.34 -110.64 -110.8 -111.09 -111.06 -111.2 -111.29 -111.44 -111.57 -111.69 -111.83 -111.98 -112.15 -112.33 -112.56 -112.8 -113.03 -113.28 -113.72 -114.42 -115 -115.29 -115.53 -115.99 -116.48 -116.95 -117.42 -117.86 -118.3 -118.79 -119.3 -120.46 -121.66 -126.44 -130.81 -127.91 -129.29 -129.39 -127.82 -125.51 -123.83 -122.71 -121.92 -121.63 -121.64 -121.66 -121.67 -121.62 -121.46 -121.22 -121.2 -121.19 -121.18 -121.18 -121.05 -120.77 -9999 -9999 -9999
-107 -108.19 -108.99 -108.47 -108.72 -109 -109.05 -108.9 -109.03 -109.13 -109.19 -109.13 -109.2 -109.34 -109.48 -109.61 -109.98 -110.2 -110.81 -110.61 -110.68 -110.73 -110.86 -110.87 -111.2 -111.24 -111.35 -111.37 -111.49 -111.74 -112.19 -112.31 -112.47 -112.69 -113.05 -113.66 -114.22 -114.39 -114.52 -115.39 -115.78 -116.16 -116.68 -117.52 -117.64 -118.38 -120.16 -123.28 -126.65 -127.36 -127.05 -127.49 -124.08 -123.29 -123.01 -122.74 -121.9 -121.61 -121.44 -121.09 -120.93 -120.98 -121.15 -120.89 -120.61 -120.5 -120.55 -120.45 -120.48 -120.48 -120.22 -9999 -9999 -9999 -9999 -120.05
-106.51 -107.18 -107.8 -107.65 -107.96 -108.7 -108.66 -108.43 -108.83 -108.99 -109.1 -109.01 -108.82 -108.98 -109.13 -109.28 -109.63 -109.97 -110.13 -110.27 -110.39 -110.5 -110.65 -110.62 -110.69 -110.76 -111.01 -111.19 -111.35 -111.69 -111.93 -111.99 -112.26 -112.64 -112.82 -113.13 -113.28 -113.48 -114.31 -115.23 -115.64 -115.78 -115.89 -117.22 -118.22 -122.74 -124.2 -125.61 -122.98 -121.74 -120.82 -119.97 -119.8 -120.1 -120.31 -120.67 -120.64 -120.68 -120.8 -120.51 -120.51 -120.3 -120.36 -120.11 -119.75 -119.7 -9999 -119.47 -119.43 -9999 -9999 -9999 -9999 -119.43 -119.53 -119.64
-106.2 -106.54 -107.08 -107.1 -107.33 -107.88 -108.38 -108.42 -108.13 -108.34 -108.67 -108.62 -108.49 -108.66 -108.85 -109.04 -109.4 -109.69 -109.87 -109.94 -109.86 -109.93 -110.11 -110.35 -110.67 -110.72 -110.73 -110.92 -111.25 -111.54 -111.75 -112 -112.39 -112.59 -112.63 -112.79 -113.16 -113.99 -114.66 -115.1 -115.48 -115.91 -116.9 -119.28 -121.79 -124.39 -120.1 -118.62 -117.85 -118.32 -118.46 -118.37 -118.66 -118.95 -119.2 -119.38 -119.48 -119.5 -119.49 -119.44 -119.53 -119.35 -119.42 -119.59 -119.4 -119.11 -119.06 -118.94 -118.98 -118.95 -118.86 -118.68 -118.66 -118.78 -118.8 -118.8
-105.95 -106.32 -106.91 -106.74 -107.09 -107.29 -107.31 -108.29 -108.32 -108.26 -108.23 -108.25 -108.21 -108.62 -108.89 -109.16 -109.32 -109.36 -109.51 -109.54 -109.55 -109.98 -110.25 -110.31 -110.44 -110.46 -110.49 -110.7 -111.04 -111.2 -111.81 -112.27 -112.21 -112.55 -113.16 -113.55 -114.66 -115.48 -115.94 -116.5 -117.42 -120.86 -121.61 -122.13 -121.15 -118.79 -117.41 -117.16 -117.27 -117.68 -117.8 -117.96 -118.21 -118.43 -118.62 -118.76 -118.87 -118.93 -118.96 -118.97 -118.96 -118.94 -118.91 -118.88 -118.84 -118.81 -118.77 -118.74 -118.72 -118.69 -118.67 -118.5 -118.23 -118.22 -118.22 -118.23
-106.02 -106.34 -106.57 -106.5 -107.99 -108.51 -107.61 -107.21 -107.67 -107.53 -107.63 -107.78 -108.06 -108.41 -108.64 -108.69 -108.86 -108.88 -109.04 -109.31 -109.65 -109.9 -109.96 -110.1 -110.15 -110.36 -110.21 -110.51 -111.03 -111.24 -111.61 -112.01 -112.95 -114.26 -118.31 -117.36 -117.08 -117.82 -118.57 -121.44 -121.02 -120.39 -117.33 -116.37 -115.91 -115.54 -115.72 -116.3 -116.43 -116.6 -116.57 -116.79 -116.99 -117.17 -117.32 -117.44 -117.54 -117.61 -117.66 -117.7 -117.71 -117.72 -117.72 -117.71 -117.69 -117.68 -117.66 -117.65 -117.63 -117.62 -117.62 -117.45 -117.19 -117.2 -117.21 -117.22
-106.04 -106.33 -106.34 -106.16 -107.89 -108.78 -108.11 -107.59 -108.18 -108.63 -108.07 -107.88 -107.99 -108.02 -108.42 -108.55 -108.54 -108.7 -109.17 -109.75 -109.98 -109.81 -109.74 -110.05 -110.21 -110.18 -110.11 -110.46 -110.8 -111.28 -111.34 -112.32 -113.88 -116.15 -121.45 -126 -124.66 -121.5 -120.48 -122.41 -118.77 -115.64 -114.53 -114.81 -115 -115.04 -114.75 -115.1 -115.13 -115.32 -115.49 -115.63 -115.77 -115.9 -116.06 -116.16 -116.25 -116.28 -116.33 -116.42 -116.46 -116.48 -116.49 -116.5 -116.5 -116.51 -116.51 -116.51 -116.51 -116.51 -116.51 -116.39 -116.17 -116.18 -116.2 -116.23
-105.59 -105.93 -106.67 -106.7 -108.09 -108.86 -108.74 -108.31 -108.46 -108.65 -108.31 -108.72 -108.44 -108.47 -108.55 -108.53 -108.47 -108.62 -109.15 -109.85 -109.77 -109.65 -109.81 -109.86 -109.98 -110.25 -110.52 -110.43 -110.4 -110.46 -111.27 -112.88 -118.57 -119.07 -124.15 -123.01 -121.18 -118.87 -115.39 -115.87 -115.28 -113.59 -113.32 -113.92 -113.65 -113.76 -113.97 -113.9 -114.42 -114.62 -114.61 -114.48 -114.47 -114.47 -114.83 -114.94 -115.03 -114.93 -114.78 -115.12 -115.24 -115.24 -115.26 -115.28 -115.3 -115.31 -115.32 -115.34 -115.35 -115.37 -115.38 -115.4 -115.43 -115.46 -115.49 -115.53
-105.42 -105.72 -105.95 -106.53 -107.52 -108.08 -109.15 -109.1 -109.02 -108.84 -108.57 -110 -109.27 -108.75 -108.62 -108.34 -108.64 -108.91 -109.19 -109.57 -109.86 -109.85 -109.66 -109.97 -110.1 -110.25 -110.95 -110.44 -110.34 -110.57 -111.12 -111.67 -114.81 -121.09 -120.89 -115.39 -113.67 -112.64 -111.88 -111.74 -111.85 -112.3 -112.31 -112.41 -112.6 -113.11 -113.22 -113.42 -113.47 -113.51 -113.49 -113.36 -113.46 -113.35 -113.64 -113.88 -114.23 -114.03 -113.9 -113.91 -114.05 -114.01 -114.04 -114.06 -114.09 -114.11 -114.13 -114.15 -114.18 -114.2 -114.23 -114.26 -114.3 -114.34 -114.39 -114.44
-105.25 -105.91 -106.16 -106.44 -106.74 -107 -107.44 -108.54 -108.42 -107.96 -107.78 -109.4 -109.88 -109.04 -108.91 -108.64 -108.54 -108.87 -109.01 -109.42 -110 -109.95 -109.79 -109.87 -110.22 -110 -109.89 -109.88 -110.08 -110.6 -111.68 -112.23 -113.03 -117.09 -115.69 -114.61 -112.71 -110.98 -111.02 -111.07 -111.16 -111.41 -111.85 -112.24 -112.25 -112.27 -112.35 -112.26 -112.6 -112.69 -112.42 -112.27 -112.35 -112.23 -112.48 -112.6 -112.86 -113.12 -112.73 -112.54 -112.75 -112.79 -112.82 -112.84 -112.87 -112.88 -112.88 -112.91 -112.96 -113.03 -113.07 -113.11 -113.16 -113.21 -113.27 -113.33
-105.41 -105.75 -106.08 -106.4 -106.71 -106.69 -106.85 -107.52 -107.74 -107.8 -107.85 -108.06 -109.23 -109.13 -109.14 -108.77 -108.58 -108.72 -109.15 -109.29 -109.85 -109.95 -109.79 -109.74 -109.94 -109.63 -109.6 -109.64 -110.11 -111.35 -112.3 -113 -117.04 -118.12 -114.46 -113.4 -112.2 -111.06 -111.05 -110.78 -110.54 -111.23 -110.77 -111.04 -111.24 -111.13 -111.38 -111.01 -111.03 -111.09 -111.15 -111.2 -111.25 -111.3 -111.34 -111.38 -111.42 -111.45 -111.49 -111.52 -111.54 -111.57 -111.6 -111.63 -111.66 -111.58 -111.33 -111.34 -111.54 -111.84 -111.89 -111.94 -112 -112.07 -112.14 -112.22
-105.41 -105.75 -106.08 -106.4 -106.71 -106.73 -107.02 -107.33 -107.88 -107.53 -107.46 -107.83 -108.65 -108.68 -108.91 -108.94 -108.92 -108.68 -108.76 -108.93 -109.19 -109.48 -109.25 -109.48 -109.43 -109.32 -109.39 -109.67 -110.81 -112.62 -112.85 -112.65 -116.54 -116.24 -113.75 -110.73 -110.2 -110.36 -110.34 -109.93 -110.31 -110.85 -110.03 -110.2 -110.2 -110.4 -110.97 -110.15 -110.07 -110.1 -110.13 -110.15 -110.18 -110.2 -110.22 -110.24 -110.26 -110.28 -110.3 -110.32 -110.34 -110.41 -110.37 -110.36 -110.31 -110.07 -110.09 -110.13 -110.33 -110.64 -110.7 -110.79 -110.84 -110.91 -111 -111.09
-105.44 -105.78 -106.11 -106.42 -106.73 -106.9 -107 -106.98 -107.21 -107.4 -107.76 -107.84 -108.41 -108.75 -108.89 -109.1 -109.18 -108.63 -108.68 -108.83 -109.17 -109.36 -109.45 -109.16 -109.17 -109.47 -109.48 -109.63 -110.38 -112.24 -111.62 -112.94 -116.75 -115.46 -113.66 -110.5 -109.61 -109.42 -109.56 -109.27 -109.36 -109.37 -109.36 -109.22 -109.19 -109.19 -109.18 -109.18 -109.18 -109.17 -109.17 -109.33 -109.22 -109.16 -109.16 -109.16 -109.16 -109.16 -109.17 -109.23 -109.48 -109.65 -109.07 -108.81 -108.84 -108.87 -108.91 -108.96 -109.15 -109.44 -109.5 -109.66 -109.66 -109.75 -109.85 -109.96
-105.5 -105.8 -106.12 -106.43 -106.72 -106.77 -106.51 -106.69 -106.91 -107.24 -107.85 -107.67 -107.9 -108.2 -108.08 -108.95 -109.61 -108.54 -108.59 -108.84 -109.35 -110.18 -110.33 -109.44 -108.93 -109.07 -109 -108.99 -109.38 -110.6 -111.23 -111 -113.4 -114.06 -115.01 -110.93 -109.55 -109.51 -109.67 -109.29 -108.99 -108.91 -108.86 -108.82 -108.78 -108.73 -108.69 -108.65 -108.61 -108.58 -108.54 -108.51 -108.48 -108.49 -108.44 -108.4 -108.3 -108.34 -108.35 -108.02 -108.01 -108.05 -107.94 -107.94 -107.96 -108 -108.04 -108.09 -108.15 -108.22 -108.3 -108.38 -108.48 -108.59 -108.7 -108.83
-105.47 -105.77 -106.08 -106.39 -106.68 -106.58 -106.36 -106.6 -106.91 -107.39 -107.45 -107.48 -107.83 -108.21 -108.24 -108.66 -109.33 -108.7 -108.67 -108.58 -109.32 -109.8 -109.48 -108.96 -108.74 -108.84 -108.77 -108.85 -109.36 -109.74 -110.51 -111.23 -111.89 -113.38 -115.62 -110.44 -109.08 -109 -108.84 -108.81 -108.38 -108.25 -108.16 -108.17 -108.04 -107.99 -107.97 -107.76 -107.68 -107.61 -107.54 -107.48 -107.42 -107.48 -107.34 -107.26 -107.11 -107.01 -106.87 -106.71 -106.67 -106.67 -106.67 -106.68 -106.71 -106.74 -106.79 -106.84 -106.91 -106.99 -107.08 -107.19 -107.3 -107.42 -107.56 -107.71
-105.36 -105.47 -105.54 -105.87 -106.16 -106.09 -106.11 -106.39 -106.66 -107.11 -107.42 -107.64 -107.46 -107.69 -108.14 -108.41 -108.7 -108.93 -108.76 -108.43 -108.71 -109.15 -109 -108.72 -108.98 -108.83 -108.7 -108.96 -110.18 -110.09 -110.87 -111.15 -113.5 -115.07 -113.8 -109.82 -108.63 -108.5 -108.34 -108.16 -107.82 -107.55 -107.42 -108.02 -107.67 -107.16 -107.03 -106.88 -106.71 -106.63 -106.5 -106.4 -106.3 -106.27 -106.13 -106.05 -105.84 -105.55 -105.5 -105.47 -105.43 -105.4 -105.4 -105.41 -105.43 -105.47 -105.52 -105.59 -105.67 -105.77 -105.87 -105.99 -106.13 -106.27 -106.43 -106.6
-104.72 -105.44 -105.88 -106.15 -106.41 -106.35 -106.04 -105.97 -106.28 -106.47 -106.81 -107.1 -107.21 -107.39 -107.53 -107.72 -108.08 -108.66 -109.11 -108.63 -108.18 -108.48 -108.5 -108.79 -109.1 -108.39 -108.5 -108.55 -109.02 -109.37 -109.97 -111.1 -112.97 -116.8 -113.3 -109.47 -108.23 -108.02 -107.55 -106.87 -106.71 -106.57 -106.42 -106.89 -106.79 -106.68 -106.53 -106.3 -105.96 -105.57 -105.14 -105.01 -104.88 -104.92 -104.64 -104.54 -104.44 -104.35 -104.28 -104.36 -104.4 -104.15 -104.11 -104.12 -104.14 -104.19 -104.25 -104.34 -104.44 -104.55 -104.68 -104.82 -104.98 -105.14 -105.33 -105.52
-104.21 -105.3 -105.64 -105.89 -106.14 -106.21 -106.25 -106.09 -106.33 -106.66 -106.78 -106.92 -106.98 -107.28 -107.36 -107.84 -107.83 -107.62 -107.47 -107.75 -107.96 -108.22 -108.26 -108.39 -108.32 -108.31 -108.81 -108.73 -110.08 -110.41 -110.62 -111.56 -113.6 -115.32 -114.1 -110.42 -107.9 -107.58 -107.07 -106.35 -106.37 -106.06 -106 -106.27 -105.81 -105.35 -105.37 -105.15 -105.21 -104.83 -104.2 -104.02 -103.86 -103.71 -103.56 -103.42 -103.3 -103.18 -103.07 -102.98 -102.9 -102.85 -102.81 -102.81 -102.85 -102.91 -103 -103.1 -103.23 -103.36 -103.52 -103.68 -103.86 -104.06 -104.27 -104.49
-104.76 -105.02 -105.29 -105.54 -105.77 -105.77 -105.6 -105.86 -106.04 -106.08 -106.34 -106.6 -106.63 -106.9 -107.17 -107.35 -107.47 -107.56 -107.31 -107.53 -107.62 -108.05 -108.36 -108.18 -108.25 -108.22 -108.92 -109.51 -110.12 -110.23 -110.18 -111.11 -114.57 -115.48 -111.89 -109.05 -108.31 -107.22 -106.61 -105.87 -105.64 -105.53 -105.35 -105.03 -104.68 -104.44 -104.2 -103.96 -103.85 -103.71 -103.29 -103.09 -102.89 -102.7 -102.52 -102.36 -102.2 -102.06 -101.92 -101.8 -101.68 -101.59 -101.51 -101.5 -101.56 -101.65 -101.73 -101.87 -102.04 -102.24 -102.42 -102.61 -102.82 -103.04 -103.28 -103.53
-104.34 -104.55 -104.84 -105.09 -105.32 -105.4 -105.2 -105.58 -105.52 -105.63 -105.67 -105.77 -105.98 -106.07 -106.15 -106.26 -106.69 -106.94 -106.71 -106.86 -106.74 -106.98 -107.32 -107.56 -107.71 -107.95 -108.7 -109.13 -109.29 -109.52 -111.51 -111.77 -112.27 -113.54 -111.87 -108.79 -108.28 -106.81 -106.19 -105.42 -105.17 -104.9 -104.63 -104.35 -104.07 -103.79 -103.51 -103.23 -102.97 -102.71 -102.45 -102.21 -101.98 -101.77 -101.56 -101.37 -101.19 -101.02 -100.87 -100.72 -100.59 -100.48 -100.38 -100.36 -100.44 -100.41 -100.28 -100.46 -100.8 -101.21 -101.41 -101.62 -101.85 -102.1 -102.36 -102.64
-103.83 -104.08 -104.33 -104.55 -104.76 -104.64 -104.38 -104.62 -104.8 -104.91 -105.13 -105.14 -105.21 -105.48 -105.83 -106 -105.97 -106.37 -106.34 -106.37 -106.44 -106.34 -106.59 -106.94 -107.1 -106.83 -107.6 -107.89 -109.3 -109.15 -111.49 -112.07 -113.92 -115.12 -111.89 -107.33 -107.27 -106.4 -105.81 -105.02 -104.74 -104.45 -104.14 -103.83 -103.52 -103.2 -102.88 -102.57 -102.27 -101.97 -101.69 -101.42 -101.16 -100.91 -100.69 -100.47 -100.28 -100.1 -99.94 -99.8 -99.68 -99.59 -99.53 -99.53 -99.57 -99.53 -99.6 -99.84 -100.11 -100.3 -100.51 -100.74 -100.99 -101.26 -101.55 -101.85
-103.22 -103.47 -103.7 -103.92 -104.17 -104.08 -103.87 -103.95 -104.23 -104.42 -104.63 -104.62 -104.63 -104.96 -105.11 -105.18 -105.51 -105.99 -105.79 -105.79 -105.96 -105.9 -106.3 -106.55 -106.56 -106.61 -106.79 -106.84 -108.82 -109.24 -110.6 -113.7 -113.29 -113.12 -109.15 -107.04 -106.86 -106.01 -105.47 -104.72 -104.37 -104.05 -103.7 -103.37 -103.03 -102.68 -102.31 -101.97 -101.6 -101.27 -100.96 -100.66 -100.37 -100.11 -99.86 -99.63 -99.43 -99.24 -99.08 -98.95 -98.84 -98.76 -98.72 -98.72 -98.76 -98.84 -98.99 -99.14 -99.31 -99.51 -99.68 -99.92 -100.19 -100.5 -100.83 -101.12
-102.52 -102.81 -103.11 -103.26 -103.74 -103.98 -104.18 -104.25 -104.18 -104.21 -104.4 -104.49 -104.62 -104.74 -104.86 -105.38 -105.68 -105.84 -105.68 -105.58 -105.62 -106.02 -106.23 -106.27 -106.26 -106.26 -106.64 -106.87 -107.6 -108.99 -110.16 -111.11 -111.74 -111.28 -107.8 -107.27 -106.27 -105.39 -105.08 -104.79 -104.01 -103.6 -103.17 -102.83 -102.57 -102.09 -101.63 -101.32 -100.7 -100.34 -100 -99.67 -99.36 -99.08 -98.82 -98.58 -98.36 -98.17 -98.01 -97.88 -97.78 -97.71 -97.68 -97.68 -97.72 -97.79 -98.22 -98.41 -98.62 -98.83 -98.74 -98.95 -99.23 -99.8 -100.21 -100.26
-101.75 -102.12 -102.55 -102.55 -102.62 -102.95 -103.38 -103.42 -103.43 -103.42 -103.42 -103.65 -103.81 -103.89 -104.34 -104.91 -105.18 -104.84 -104.9 -105.01 -105.1 -105.46 -105.74 -105.78 -105.67 -105.74 -106.1 -106.55 -107.28 -108.43 -109.84 -110.77 -111.4 -111.44 -107.61 -106.42 -105.47 -105.1 -104.82 -104.5 -103.88 -103.33 -102.77 -102.65 -101.94 -101.53 -101.18 -100.87 -100.24 -99.86 -99.49 -99.14 -98.81 -98.51 -98.23 -97.98 -97.76 -97.56 -97.4 -97.27 -97.17 -97.11 -96.96 -97.21 -97.38 -97.46 -97.57 -97.72 -98.03 -98.23 -98.5 -98.77 -99.06 -99.38 -99.73 -100.09
-100.87 -101.14 -101.37 -101.59 -101.75 -102.04 -102.45 -102.44 -102.45 -102.47 -102.66 -102.82 -102.95 -103.29 -103.69 -104.28 -104.85 -104.83 -104.27 -104.39 -104.57 -104.9 -105.13 -105.23 -105.21 -105.34 -105.84 -106.31 -107.54 -108.33 -109.21 -110.75 -110.09 -109.07 -107.32 -106.34 -105.4 -105.05 -104.63 -104.16 -103.5 -103.26 -102.83 -102.5 -102.14 -101.39 -100.88 -100.4 -99.87 -99.5 -99.11 -98.74 -98.4 -98.06 -97.73 -97.47 -97.24 -97.04 -96.87 -96.74 -96.64 -96.53 -96.41 -96.79 -97.01 -97.1 -97.22 -97.37 -97.56 -97.59 -98.02 -98.3 -98.61 -98.92 -99.31 -99.69
-99.76 -100.05 -100.26 -100.41 -100.58 -100.86 -101.14 -101.26 -101.34 -101.61 -102.01 -102.21 -102.05 -102.67 -102.91 -103.82 -103.98 -104.05 -103.95 -103.81 -104.07 -104.34 -104.61 -104.86 -105.1 -105.31 -105.82 -106.63 -107.45 -107.65 -108.57 -110.04 -109.28 -108.26 -107.18 -106.49 -105.42 -105.09 -104.65 -104.13 -103.75 -103.28 -102.65 -102.02 -101.89 -101.28 -100.81 -100.31 -99.69 -99.51 -99.11 -98.72 -98.36 -97.89 -97.33 -97.03 -96.78 -96.58 -96.41 -96.27 -96.15 -95.87 -96.3 -96.26 -96.52 -96.66 -96.78 -96.94 -97.14 -97.36 -97.63 -97.92 -98.24 -98.51 -98.96 -99.35
-98.55 -98.79 -99.1 -99.3 -99.74 -99.91 -100.15 -100.26 -100.25 -100.45 -100.84 -101.12 -101.14 -101.41 -101.92 -102.74 -103.39 -103.07 -102.84 -103.16 -103.49 -104.18 -104.34 -104.77 -104.7 -104.95 -105.75 -106 -106.56 -107 -107.65 -108.42 -108.49 -107.81 -106.97 -106.11 -105.55 -105.09 -104.55 -103.94 -103.62 -103.31 -102.25 -101.63 -101.38 -101.08 -100.55 -100.09 -99.51 -99.09 -98.73 -98.28 -97.94 -97.64 -97.13 -96.67 -96.39 -96.18 -96 -95.76 -95.53 -95.97 -96.1 -96.11 -95.88 -96.24 -96.4 -96.57 -96.77 -97.01 -97.28 -97.59 -97.92 -98.27 -98.65 -99.05
-97.32 -97.59 -98.19 -98.23 -98.4 -98.78 -99.05 -99.12 -99.33 -99.56 -99.75 -99.95 -100.22 -100.58 -101 -101.63 -102.2 -102.27 -102.31 -102.57 -102.94 -103.31 -103.68 -104.26 -104.34 -104.63 -104.91 -105.26 -105.78 -106.94 -106.98 -107.73 -107.91 -107.82 -106.98 -106.04 -105.39 -105.14 -104.53 -104.15 -103.64 -103.18 -102.43 -101.87 -101.08 -100.54 -100.27 -99.83 -99.37 -98.82 -98.34 -97.85 -97.4 -97.1 -96.53 -96.24 -95.98 -95.76 -95.58 -95.32 -95.02 -95.39 -95.41 -95.51 -95.63 -95.77 -95.92 -96.21 -96.45 -96.69 -96.93 -97.37 -97.57 -97.93 -98.31 -98.75
-95.73 -96 -96.35 -96.83 -96.77 -97.1 -97.53 -97.76 -98.21 -98.63 -98.88 -99.18 -99.56 -100 -100.38 -100.66 -100.97 -101.88 -102.19 -102.12 -102.61 -102.89 -103.48 -104.32 -104.34 -104.47 -104.8 -105.3 -105.5 -106.17 -106.58 -106.76 -107.01 -108.07 -107.38 -106.38 -105.8 -105.26 -104.98 -104.5 -103.65 -102.95 -102.09 -101.39 -100.95 -100.49 -100.08 -99.57 -98.87 -98.25 -97.87 -97.39 -96.97 -96.44 -95.83 -95.53 -95.27 -95.04 -94.86 -94.93 -94.61 -94.55 -94.53 -94.56 -94.65 -95.06 -95.73 -95.61 -95.88 -96.31 -96.43 -96.68 -96.91 -97.3 -97.67 -98.4
-94.52 -94.75 -95.29 -95.45 -95.56 -95.86 -96.27 -96.16 -96.75 -97.04 -97.67 -98.07 -98.55 -99.17 -99.48 -100.01 -100.5 -101.11 -101.2 -101.44 -101.95 -102.34 -103.05 -104.62 -104.78 -104.15 -104.5 -105.01 -105.6 -105.93 -106.14 -106.59 -106.79 -107.35 -107.99 -106.53 -105.41 -104.99 -104.68 -104.29 -103.55 -102.94 -101.83 -101.15 -100.92 -100.47 -100.25 -99.45 -98.59 -97.94 -97.49 -97.06 -96.66 -96.13 -95.51 -95.21 -94.94 -94.71 -94.76 -94.73 -94.46 -94.27 -94.24 -94.33 -94.63 -94.92 -95.41 -95.24 -95.49 -95.89 -96.15 -96.39 -96.68 -97.05 -97.39 -98.01
-93.38 -93.65 -93.9 -94.12 -94.44 -94.54 -94.53 -94.87 -95.3 -95.47 -96.16 -97.05 -97.51 -98.06 -98.51 -98.97 -99.44 -99.85 -100.26 -100.79 -101.43 -102.01 -102.59 -104.34 -104.44 -103.87 -104.5 -105.53 -105.55 -105.69 -105.92 -106.17 -106.19 -106.58 -106.69 -106.36 -105.62 -104.79 -104.4 -103.98 -103.28 -102.58 -101.66 -101.37 -100.85 -100.27 -99.86 -99.11 -98.34 -97.72 -97.26 -96.82 -96.34 -95.81 -95.24 -94.93 -94.73 -94.67 -94.65 -94.5 -94.36 -94.33 -94.18 -94.27 -94.45 -94.68 -95.03 -94.92 -95.08 -95.39 -95.71 -95.92 -96.24 -96.58 -97.02 -97.43
-92.45 -92.9 -93.27 -93.38 -93.67 -94.1 -94.15 -93.87 -94.18 -94.62 -95.24 -96.15 -96.63 -97.05 -97.49 -98.02 -98.45 -98.34 -99.04 -99.97 -101.03 -101.75 -102.21 -103.32 -103.9 -103.73 -104.99 -106.13 -105.77 -105.6 -105.93 -105.97 -107.17 -106.81 -106.78 -106.41 -105.99 -105 -104.5 -103.58 -102.87 -102.12 -101.47 -100.87 -100.38 -99.85 -99.55 -98.98 -98.51 -98.06 -97.63 -97.15 -96.45 -95.75 -95.25 -95.09 -95.29 -94.86 -94.67 -94.36 -94 -94.2 -94.35 -94.38 -94.45 -94.41 -94.3 -94.59 -94.85 -95.06 -95.23 -95.52 -95.86 -96.16 -96.49 -96.83
-90.67 -91.53 -91.91 -92.18 -92.45 -92.86 -93.35 -93.45 -93.12 -93.78 -94.62 -95.25 -95.86 -96.17 -96.11 -97.05 -97.62 -97.74 -98.52 -99.47 -100.34 -100.88 -101.62 -102.41 -102.92 -103.63 -105.18 -105.82 -105.81 -105.71 -105.89 -105.98 -106.41 -106.68 -107.44 -106.91 -106.03 -104.73 -103.81 -103.17 -102.22 -101.65 -101 -100.56 -99.82 -99.38 -98.93 -98.49 -98.05 -97.6 -96.97 -96.65 -96.01 -95.22 -94.94 -95.24 -94.96 -94.46 -94.27 -93.97 -93.6 -93.7 -93.95 -93.98 -94.05 -94 -93.89 -94.23 -94.45 -94.57 -94.79 -95.07 -95.44 -95.75 -96.01 -96.3
-89.16 -89.67 -90.57 -90.86 -91.09 -91.6 -92.19 -92.59 -92.78 -92.5 -93.21 -94.24 -95.1 -95.25 -95.09 -95.97 -96.68 -97.27 -97.57 -98.52 -99.65 -100.27 -100.96 -101.31 -102.19 -103.01 -104.09 -104.74 -105.44 -105.21 -105.06 -105.15 -105.76 -105.65 -105.69 -106.14 -105.7 -104.17 -103 -102.4 -101.52 -101.02 -100.37 -99.75 -99.19 -98.84 -98.46 -97.97 -97.53 -96.94 -96.6 -96.31 -95.82 -94.96 -94.76 -94.89 -94.53 -94.07 -93.88 -93.6 -93.27 -93.27 -93.54 -93.59 -93.58 -93.58 -93.48 -93.82 -93.9 -94.14 -94.39 -94.66 -94.93 -95.3 -95.53 -95.8
