inst/extdata/mad_northam.txt
ncols         447
nrows         229
xllcorner     -180
yllcorner     6.999903
cellsize      0.333333
NODATA_value  -9999
[rows 33 to 65 of 229, columns 74 to 147 of 447]
-9999 -9999 -9999 -9999 -9999 -9999 -9999 -9999 -9999 -9999 -9999 -9999 -9999 -9999 -9999 -9999 -9999 -9999 -9999 -9999 -9999 -9999 -9999 -9999 -9999 -9999 -9999 -9999 -9999 -9999 -9999 -9999 -9999 -9999 -9999 -9999 -9999 -9999 -9999 -9999 -9999 -9999 -9999 -9999 -9999 -9999 -9999 -9999 -9999 -9999 -9999 -9999 -9999 -9999 -9999 -9999 -9999 -9999 -9999 -9999 -9999 -9999 -9999 -9999 -9999 -9999 -9999 -9999 -9999 -9999 -9999 -9999 -9999 -9999
-9999 -9999 -9999 -9999 -9999 -9999 -9999 -9999 -9999 -9999 -9999 -9999 -9999 -9999 -9999 -9999 -9999 -9999 -9999 -9999 -9999 -9999 -9999 -9999 -9999 -9999 -9999 -9999 -9999 -9999 -9999 -9999 -9999 -9999 -9999 -9999 -9999 -9999 -9999 -9999 -9999 -9999 -9999 -9999 -9999 -9999 -9999 -9999 -9999 -9999 -9999 -9999 -9999 -9999 -9999 -9999 -9999 -9999 -9999 -9999 -9999 -9999 -9999 -9999 -9999 -9999 -9999 -9999 -9999 -9999 -9999 -9999 -9999 -9999
-9999 -9999 -9999 -9999 -9999 -9999 -9999 -9999 -9999 -9999 -9999 -9999 -9999 -9999 -9999 -9999 -9999 -9999 -9999 -9999 -9999 -9999 -9999 -9999 -9999 -9999 -9999 -9999 -9999 -9999 -9999 -9999 -9999 -9999 -9999 -9999 -9999 -9999 -9999 -9999 -9999 -9999 -9999 -9999 -9999 -9999 -9999 -9999 -9999 -9999 -9999 -9999 -9999 -9999 -9999 -9999 -9999 -9999 -9999 -9999 -9999 -9999 -9999 -9999 -9999 -9999 -9999 -9999 -9999 -9999 -9999 -9999 -9999 -9999
-9999 -9999 -9999 -9999 -9999 -9999 -9999 -9999 -9999 -9999 -9999 -9999 -9999 -9999 -9999 -9999 -9999 -9999 -9999 -9999 -9999 -9999 -9999 -9999 -9999 -9999 -9999 -9999 -9999 -9999 -9999 -9999 -9999 -9999 -9999 -9999 -9999 -9999 -9999 -9999 -9999 -9999 -9999 -9999 -9999 -9999 -9999 -9999 -9999 -9999 -9999 -9999 -9999 -9999 -9999 -9999 -9999 -9999 -9999 -9999 -9999 -9999 -9999 -9999 -9999 -9999 -9999 -9999 -9999 -9999 -9999 -9999 -9999 -9999
-135.13 -135.47 -9999 -9999 -136.17 -9999 -136.93 -137.39 -9999 -9999 -9999 -9999 -9999 -9999 -9999 -9999 -9999 -9999 -9999 -9999 -9999 -9999 -9999 -9999 -9999 -9999 -9999 -9999 -9999 -9999 -9999 -9999 -9999 -9999 -9999 -9999 -9999 -9999 -9999 -9999 -9999 -9999 -9999 -9999 -9999 -9999 -9999 -9999 -9999 -9999 -9999 -9999 -9999 -9999 -9999 -9999 -9999 -9999 -9999 -9999 -9999 -9999 -9999 -9999 -9999 -9999 -9999 -9999 -9999 -9999 -9999 -9999 -9999 -9999
-134.42 -134.72 -135.01 -135.33 -135.55 -135.71 -136.27 -136.96 -137.14 -137.53 -9999 -9999 -9999 -9999 -9999 -9999 -142.46 -143.34 -9999 -9999 -9999 -9999 -9999 -9999 -9999 -9999 -9999 -9999 -9999 -9999 -9999 -9999 -9999 -9999 -9999 -9999 -9999 -9999 -9999 -9999 -9999 -9999 -9999 -9999 -9999 -9999 -9999 -9999 -9999 -9999 -9999 -9999 -9999 -9999 -9999 -9999 -9999 -9999 -9999 -9999 -9999 -9999 -9999 -9999 -9999 -9999 -9999 -9999 -9999 -9999 -9999 -9999 -9999 -9999
-133.8 -134.32 -134.63 -135 -135.34 -135.75 -136.2 -136.69 -137.07 -137.4 -138 -138.65 -139.34 -140.1 -140.96 -141.89 -142.99 -143.79 -144.42 -145.45 -146.48 -147.43 -148.33 -149.48 -9999 -151.89 -153.1 -154.36 -9999 -9999 -9999 -9999 -9999 -9999 -9999 -9999 -9999 -9999 -9999 -9999 -9999 -9999 -9999 -9999 -9999 -9999 -9999 -9999 -9999 -9999 -9999 -9999 -9999 -9999 -9999 -9999 -9999 -9999 -9999 -9999 -9999 -9999 -9999 -9999 -9999 -9999 -9999 -9999 -9999 -9999 -9999 -9999 -9999 -9999
-133.7 -134.01 -134.36 -134.91 -135.13 -135.65 -136.34 -136.86 -137.26 -137.8 -138.65 -139.19 -139.78 -140.94 -142.12 -143.04 -144.25 -144.92 -145.52 -146.56 -148.26 -149.26 -150.16 -151.91 -152.93 -154.45 -155.95 -158.11 -159.12 -160.77 -162.37 -163.28 -163.39 -164.31 -165.23 -166.43 -167.43 -168.18 -168.76 -169.4 -9999 -9999 -9999 -9999 -9999 -9999 -9999 -9999 -9999 -9999 -9999 -9999 -9999 -9999 -9999 -9999 -9999 -9999 -9999 -9999 -9999 -9999 -9999 -9999 -9999 -9999 -9999 -9999 -9999 -9999 -9999 -9999 -9999 -183.39
-133.62 -134.11 -134.47 -134.9 -135.29 -135.7 -136.68 -137.31 -137.49 -138.35 -139.2 -139.54 -140.14 -141.34 -141.96 -143.86 -145.78 -146.3 -146.76 -147.76 -150.05 -151.14 -152.95 -155.38 -157.54 -159.17 -161.06 -164.16 -168.3 -171.16 -174.24 -172.54 -172.36 -173.55 -175.12 -175.46 -174.68 -176.92 -178.83 -179.32 -177.72 -178.4 -178.21 -178.61 -179.78 -178.71 -178.04 -177.15 -176.62 -9999 -9999 -9999 -9999 -9999 -9999 -9999 -9999 -9999 -9999 -9999 -9999 -9999 -9999 -9999 -9999 -9999 -9999 -9999 -9999 -9999 -9999 -9999 -9999 -9999
-135.1 -135.66 -135.71 -135.83 -135.62 -136.71 -137.07 -138.17 -138.87 -139.57 -139.45 -140.42 -141.4 -142.59 -143.86 -145.33 -146.77 -148.85 -149.69 -150.65 -152.55 -153.4 -160.07 -163.02 -166.85 -167.87 -171.24 -169.15 -172.3 -178.97 -183.02 -174.53 -179.45 -185.1 -188.37 -185.54 -184.66 -184.94 -186.9 -186.88 -188.71 -187.89 -188.42 -187.87 -187.7 -185.5 -184.45 -184.69 -179.41 -177.82 -177.32 -9999 -9999 -9999 -9999 -9999 -9999 -9999 -179.57 -180.03 -180.41 -180.64 -180.64 -180.72 -180.83 -180.93 -180.94 -9999 -9999 -181.19 -181.28 -181.33 -181.37 -181.39
-136.17 -136.64 -137.23 -138.5 -138.36 -138.76 -139.51 -140.77 -140.89 -141.41 -142.24 -143.76 -145.16 -146.38 -147.66 -148.89 -150.46 -152.69 -153.77 -154.42 -157.27 -160.76 -165.73 -169.9 -171.45 -172.22 -171.67 -176.42 -178.6 -176.27 -177.24 -175.96 -179.47 -179.92 -180.57 -181.74 -180.38 -182.11 -182.82 -183.58 -184.92 -184.24 -183.14 -185.58 -185.43 -185.23 -182.54 -185.05 -184.33 -181.36 -181.11 -180.37 -179.65 -178.99 -179.31 -178.83 -179.03 -178.94 -9999 -178.86 -179.69 -180.19 -180.67 -181.34 -181.32 -180.96 -180.04 -180.49 -9999 -181.95 -181.79 -181.8 -181.8 -181.92
-140.85 -143.32 -142.99 -142.35 -144.95 -146.46 -146.5 -145.41 -145.71 -146.43 -147.69 -147.14 -149.71 -153.28 -156.55 -153.48 -153.99 -159.85 -160.51 -161.9 -167.14 -167.91 -167.57 -170.85 -171.67 -171.97 -171.84 -172.58 -174.46 -177.09 -174.97 -175.82 -175.89 -176.63 -178.97 -180.31 -178.82 -179.44 -179.6 -182.94 -181.28 -180.18 -180.22 -181.75 -181.38 -180.25 -179.01 -181.62 -180.86 -183.29 -184.9 -183.83 -184.01 -183.98 -184.39 -183.29 -182.06 -181.87 -180.06 -178.86 -178.98 -179.38 -179.53 -179.8 -180.13 -180.46 -180.43 -179.24 -180.34 -181.16 -181.23 -181.36 -181.36 -181.27
-146.73 -147.58 -147.96 -146.99 -148.91 -152.38 -154.11 -152.27 -151.97 -153.4 -152.76 -153.79 -157.43 -159.99 -160.87 -161.3 -162.01 -164.88 -164.99 -164.15 -163.62 -166.9 -166.21 -167.5 -168.41 -168.84 -171 -171.91 -170.59 -170.84 -172.1 -173.59 -174.33 -174.91 -176.12 -175.44 -174.93 -176.88 -175.54 -176.12 -176.79 -177.79 -177.97 -178.15 -178.45 -177.64 -176.2 -177.27 -178.09 -179.44 -181.02 -182.53 -184.41 -185.81 -186.81 -186.42 -187.85 -185.94 -183.6 -179.17 -178.15 -178.25 -178.39 -178.52 -178.64 -179.36 -179.9 -179.96 -180.51 -180.5 -180.13 -180.31 -180.38 -180.8
-142.26 -143.73 -143.96 -145.91 -146.3 -145.02 -148.98 -147.62 -149.02 -149.61 -149.86 -149.25 -150.75 -153.18 -154.31 -156.1 -158.27 -159.99 -159.49 -162 -163.32 -162.65 -161.78 -165.4 -166.24 -165.18 -165.18 -164.24 -167.43 -168.07 -168.64 -171.15 -171.31 -172.07 -174.74 -173.71 -173.64 -173.35 -174.2 -176.3 -178.41 -179.75 -179.09 -177.98 -177.76 -176.38 -176.04 -176.44 -176.84 -177.31 -180.15 -180.79 -182.19 -185.94 -188.12 -188.79 -190.11 -186.62 -182.38 -178.14 -177.24 -177.36 -177.4 -177.56 -177.68 -177.81 -178.22 -179.34 -179.47 -179.06 -178.73 -179.36 -179.38 -179.22
-143.61 -144.23 -145.05 -144.94 -144.28 -145.86 -149.14 -147.89 -148.88 -145.63 -150.47 -149.35 -151.91 -152.2 -154.32 -154.74 -158.5 -158.49 -159.39 -160.4 -161.76 -162.8 -162.22 -162.91 -162.46 -162.32 -163.13 -162.74 -165.27 -167.37 -166.1 -168.34 -167.25 -167.8 -170.73 -171.38 -171.48 -170.84 -173.37 -172.97 -175.09 -175.66 -177.48 -176.55 -175.5 -176.76 -175.94 -176.22 -176.84 -178.82 -179.8 -178.64 -178.98 -180.45 -181.37 -183.89 -188.24 -187.07 -180.52 -178.61 -176.28 -176.07 -176.17 -176.26 -176.33 -176.4 -176.51 -177.19 -177.21 -177.14 -176.91 -177.18 -177.25 -177.3
-140.33 -140.53 -140.58 -140.25 -144.82 -142.58 -145.48 -145.63 -145.13 -144.56 -145.02 -146.42 -148.26 -147.18 -149.3 -152.08 -156.53 -158.49 -158.75 -158.65 -159.23 -158.7 -158.88 -160.73 -159.77 -159.76 -160.55 -159.82 -161.19 -162.03 -162.19 -163.35 -163.66 -164.56 -165.83 -168.05 -170.65 -171.37 -171.62 -171.41 -172.05 -172.94 -175.12 -177.37 -177.75 -178.37 -180.29 -180.26 -180.76 -180.27 -179.42 -178.84 -176.82 -177.34 -177.47 -179.8 -183.51 -184.32 -179.53 -178.36 -175.67 -174.9 -174.93 -175.01 -175.08 -175.14 -175.27 -175.66 -175.45 -175.64 -176.64 -177.61 -176.7 -176.78
-133.25 -133.83 -134.55 -136.07 -136.48 -136.89 -139.59 -139.56 -139.84 -140.72 -140.72 -141.99 -145.21 -146.75 -149.66 -154.37 -155.52 -155.03 -155.26 -154.65 -153.2 -154.57 -154.37 -155.51 -155.9 -156.41 -157.13 -158.09 -159.12 -160.11 -161.06 -162.01 -162.9 -164.06 -164.58 -165.82 -167.71 -170.35 -170.71 -171.69 -173.61 -174.23 -177.45 -178.26 -179.06 -180.04 -179.29 -180.3 -181.02 -179.59 -178.6 -177.1 -176.65 -176.93 -176.63 -178.95 -181.25 -183.8 -181.95 -177.44 -174.89 -174.5 -174.13 -174.12 -174.18 -174.24 -174.29 -174.33 -174.37 -174.35 -174.54 -174.79 -175.05 -175.14
-130.82 -131.72 -133.53 -134.85 -135.04 -135.26 -136.21 -137.6 -138.55 -139.51 -140.58 -141.67 -144.15 -147.32 -150.73 -152.95 -151.8 -148.83 -150.18 -151.4 -151.03 -151.83 -153.11 -155.11 -155.16 -155.9 -156.94 -157.96 -158.95 -159.9 -160.81 -162.38 -163.12 -163.6 -164.07 -165.25 -166.58 -168.19 -169.84 -169.67 -171.28 -173.9 -175.94 -177.65 -179.89 -181.75 -179.6 -179.35 -179.64 -178.96 -177.31 -176.06 -176.05 -176.16 -176.99 -178.28 -179.5 -183.45 -183.07 -179 -176.63 -175.51 -174.26 -173.62 -173.05 -173.01 -173.06 -173.1 -173.14 -173.17 -173.12 -173.1 -173.15 -173.28
-130.11 -131.24 -132.13 -132.54 -137.99 -135.69 -136.32 -137.6 -138.43 -139.75 -141.15 -142.53 -145.67 -147.05 -148.66 -148.58 -148.46 -146.87 -147.83 -149.11 -150.54 -151.8 -153.32 -154.8 -155.88 -156.9 -157.71 -158.61 -159.73 -160.66 -161.06 -162.13 -162.44 -163.02 -163.94 -165.1 -165.86 -167.99 -169.41 -169.54 -171.05 -172.05 -175.24 -178.41 -180.62 -183 -184.8 -184.69 -181.35 -178.94 -176.74 -175.05 -175.17 -175.67 -177.23 -177.49 -177.4 -180.8 -182.19 -180.2 -178.02 -175.38 -173.68 -173.13 -172.74 -172.6 -172.68 -172.71 -172.79 -172.62 -172.15 -172.14 -172.22 -172.29
-128.93 -131.09 -130.3 -134.64 -135.19 -136.13 -136.05 -137.42 -139.27 -141.99 -144.35 -144.23 -147.02 -147.96 -149.78 -147.47 -147.58 -149.13 -150.57 -150.89 -152.74 -155.28 -159.03 -160.3 -162.46 -162.23 -160.08 -162.83 -164.48 -164.16 -165.11 -164.81 -163.86 -164.33 -165.77 -166.37 -167.76 -169.86 -170.74 -171.25 -173.2 -172.21 -176.08 -178.1 -179.55 -180.92 -182.39 -181.89 -180.24 -180.87 -177.93 -176.69 -177.34 -176.98 -176.9 -176.61 -176.58 -176.89 -177.85 -177.2 -173.3 -175.53 -176.45 -176.56 -175.78 -174.5 -175.33 -175.86 -177.49 -177.26 -174.57 -174.43 -174.16 -174.89
-129.97 -132.09 -133.51 -135.75 -135.32 -135.82 -137.49 -138.27 -137.64 -139.57 -142.8 -145.54 -145.64 -146.79 -147.28 -148.96 -151.82 -150.22 -149.91 -149.48 -153.24 -155.27 -159.7 -161.36 -163 -164.53 -165 -165.49 -167.36 -169.21 -167.71 -166.23 -164.41 -165.73 -166.15 -168.22 -169 -171.65 -171.17 -172.17 -173.39 -173.12 -175.46 -178.55 -181.96 -180.17 -179.97 -180.5 -181.5 -180.13 -178.37 -178.96 -180.01 -180.97 -181.28 -180.31 -178.9 -177.14 -176.47 -175.44 -174.32 -175.63 -178.58 -178.6 -179.96 -180.9 -180.81 -181.45 -181.04 -180.79 -179.73 -178.91 -181.01 -179.52
-128.6 -131.54 -132.25 -134.68 -132.28 -132.05 -133.31 -133.96 -135.49 -136.93 -137.45 -139.49 -140.82 -143.84 -144.35 -146.25 -148.19 -146.86 -147.38 -148.4 -151.02 -153.95 -156.93 -158.18 -159.5 -162.06 -165.29 -164.52 -166.82 -167.11 -169.02 -171.97 -171.04 -173.16 -173.25 -173.06 -172.07 -170.37 -170.37 -172.37 -171.34 -171.31 -174.57 -176.36 -178.56 -179.28 -178.76 -177.83 -179.46 -179.27 -179.97 -179.7 -180.14 -180.39 -181.7 -181.37 -182.62 -182.93 -182.28 -179.59 -180.01 -181.71 -181.93 -180.93 -184.32 -184.2 -185.58 -185.93 -185.27 -185.1 -183.32 -181.72 -183.24 -185.52
-124.11 -125.05 -125.52 -126.69 -128.69 -131.26 -132.07 -132.77 -133.76 -135.54 -135.96 -137.06 -138.8 -139.55 -140.34 -142.44 -143.25 -144.05 -145.52 -148.66 -150.37 -150.67 -151.68 -153.08 -154.95 -159.8 -163.66 -164.05 -166.67 -168.61 -169.77 -171.02 -172.46 -174.36 -175.29 -174.84 -176.07 -178.22 -177.44 -177.78 -175.46 -172.56 -170.27 -174.23 -178.81 -179.98 -181.3 -182.62 -181.93 -180.07 -179.59 -182.38 -183.92 -182.85 -182.32 -184.15 -183.72 -186.01 -186.75 -185.91 -187.46 -185.99 -186.14 -187.41 -188.06 -188.32 -188.16 -187.71 -188.45 -189.97 -188.24 -187.14 -187.08 -188.84
-122.01 -123.19 -124.22 -126.07 -127.78 -129.65 -131.34 -132.95 -134.48 -137.62 -137.22 -138.08 -138.35 -139.28 -139.62 -141.31 -142.7 -143.71 -145.34 -146.92 -148.21 -149.71 -151.07 -152.44 -154.31 -157.91 -161.26 -162.81 -166 -164.85 -167.46 -169.57 -170.64 -172.32 -175.01 -175.74 -174.93 -175.17 -176.86 -176.96 -174.72 -175.47 -174.51 -170.67 -170.63 -175.44 -178.9 -178.38 -179.76 -180.73 -181.17 -181.83 -182.01 -182.67 -182.64 -183.27 -183.3 -182.68 -183.56 -184.39 -184.53 -184.71 -185.02 -185.86 -186.71 -186.39 -186.24 -185.08 -186.93 -186.97 -187.47 -186.78 -187.37 -188.44
-122.37 -123.71 -123.72 -124.72 -127.55 -129.9 -131.59 -131.21 -132.75 -135.21 -135.53 -136.17 -137.07 -137.36 -139.55 -141.71 -143.95 -145.65 -148.8 -151.72 -154.55 -155.47 -157.29 -157.01 -156.92 -158.22 -158.47 -158.5 -158.87 -159.91 -163 -166.98 -168.66 -170.71 -173.01 -171.17 -173.25 -172.37 -174.21 -174.2 -172.27 -172.8 -174.16 -174.79 -175.67 -173.84 -175.21 -174.16 -173.76 -173.93 -176.15 -176.9 -180.31 -180.82 -181.33 -181.11 -180.04 -179.03 -179.97 -178.85 -179.66 -182.12 -180.96 -181.12 -182.57 -182.19 -183.09 -183.38 -182.68 -185.16 -183.03 -183.15 -183.72 -185.05
-121.39 -122.14 -124.84 -125.32 -127.69 -127.82 -128.46 -129.12 -130.18 -131.32 -132.98 -134.68 -136.5 -141.53 -143.88 -147.87 -149.71 -152.37 -152.43 -155.04 -159.57 -164.11 -170.29 -170.65 -168.8 -168.71 -167.24 -161.7 -162.95 -165.35 -163.24 -163.57 -164.58 -165.85 -167.34 -168.76 -167.97 -168.13 -169.99 -169.56 -171.66 -173.25 -173.04 -174.28 -174.42 -174.1 -172.48 -172.2 -171.59 -171.31 -170.86 -171.53 -171.99 -175.12 -174.48 -176.06 -175.05 -174.31 -174.02 -175.04 -176.26 -176.42 -177.11 -174.17 -174.87 -172.98 -177.24 -180.51 -180.19 -180.86 -181.6 -181.72 -182.35 -181.65
-121.31 -121.82 -124.06 -124.06 -122.29 -124.08 -126.2 -127.3 -128.9 -131.15 -133.38 -136.26 -140.59 -145.83 -150.09 -156.32 -154.91 -155.72 -155.91 -154.95 -158.78 -160.89 -164.24 -170.6 -170.94 -180.05 -179.62 -172.68 -169.31 -176.83 -175.33 -174.53 -172.08 -167.63 -168.83 -166.82 -165.09 -166.69 -168.41 -169.2 -169.14 -170.99 -170.93 -172.71 -173.42 -173.77 -171.44 -171.66 -172.38 -172.53 -171 -171.13 -170.48 -170.42 -170.71 -173.39 -172.74 -171.77 -173.71 -174.77 -176.31 -174.88 -174.72 -173.52 -178.09 -176.28 -177.37 -178.54 -176.79 -178.59 -179.82 -180.3 -181.21 -180.68
-115.72 -117.46 -118.2 -119.2 -120.37 -122.46 -124.97 -127.04 -130.14 -134.03 -141.17 -149.01 -168.17 -169.19 -167.95 -156.85 -149.22 -150.09 -154.06 -156.72 -157.32 -158.09 -160.58 -162.95 -165.3 -164.85 -166.19 -166.26 -166.33 -169.38 -171.5 -172.87 -173.36 -172.31 -173.62 -170.87 -166.17 -164.99 -165.36 -166.3 -168.16 -169.49 -170.21 -171.15 -170.34 -171.14 -171.53 -169.45 -169.43 -169.84 -170.68 -170.87 -170.49 -170.78 -172.25 -171.71 -170.62 -172.59 -173.94 -174.25 -175.41 -173.96 -172.21 -175.21 -177.03 -178.28 -177.37 -174.98 -176.82 -177.94 -178.31 -179.26 -179.15 -179.07
-112.85 -113.99 -115.21 -116.82 -119.33 -122.47 -126.22 -130.32 -135.16 -147.82 -156.47 -153.3 -153.42 -149.9 -143.4 -141.07 -143.14 -147.95 -149.91 -152.55 -154.14 -157.45 -159.87 -157.67 -159.13 -161.02 -162.43 -162.48 -162.43 -161.14 -162.86 -162.68 -166.05 -168.7 -168.38 -171.11 -172.02 -169.77 -166.28 -165.36 -164.96 -165.45 -166.68 -167.69 -170.26 -169.63 -173.05 -172.02 -172.01 -172.48 -173.92 -171.69 -169.9 -169.23 -170.42 -170.76 -169.64 -169.49 -168.99 -170.09 -169.6 -172.09 -174.59 -174.31 -176.16 -174.54 -174.37 -175.09 -175.4 -173.52 -174.68 -174.33 -174.46 -174.4
-112.68 -114.74 -117.8 -121.94 -124.07 -126.97 -132.62 -137.32 -132.16 -132.33 -131.32 -133.73 -134.93 -133.95 -132.21 -134.88 -142.15 -146.57 -150.68 -155.95 -158.77 -160.01 -160.44 -158.05 -157.47 -157.47 -157.69 -156.94 -157.33 -158.08 -160.42 -161.21 -167.91 -171.3 -169.04 -170.84 -171.89 -173.96 -171.88 -169.33 -167.28 -168.25 -167.24 -165.88 -166.55 -166.76 -167.64 -167.58 -169.89 -172.59 -174.49 -173.52 -172.97 -171.7 -170.17 -169.96 -171.16 -169.3 -168.15 -170.82 -169.53 -171.56 -175.2 -174.73 -176.96 -176.52 -176.36 -173.01 -174.53 -175.2 -174.85 -171.29 -171.54 -173.39
-114.72 -116.44 -123.85 -130.31 -130.63 -130.38 -132.35 -131.05 -129.58 -125.73 -122.97 -125.15 -127.12 -128.74 -128.9 -131.32 -139.8 -146.92 -151.03 -157.85 -158.27 -159.46 -159.49 -158.87 -156.43 -156.01 -155.97 -155.62 -156.26 -157.02 -160.04 -169.61 -175.76 -188.21 -182.09 -177.93 -176.57 -182.45 -181.06 -175.97 -176.55 -176.23 -172.33 -168.18 -167.37 -167.23 -165.75 -170.56 -168.2 -168.76 -169.7 -169.68 -170.81 -173.36 -172.64 -171.38 -167.39 -167.19 -169.08 -170.1 -168.34 -168.62 -172.67 -172.63 -173.24 -173.3 -173.78 -171.02 -171.39 -172.1 -169.69 -171.36 -171.01 -171.83
-112.52 -114.18 -121.89 -130.43 -133.14 -132.29 -132.05 -132.9 -134.69 -128.36 -125.98 -123.3 -124.4 -125.47 -126.61 -128.76 -135.37 -141.83 -144.28 -147.92 -151.22 -152.65 -156.85 -158.37 -157.79 -159.81 -157 -157.04 -157.28 -156.59 -157.34 -160.13 -161.92 -174.55 -180.86 -190.8 -188.11 -186.74 -178.47 -180.25 -175.8 -175.33 -174.36 -172.91 -173.59 -170.79 -171.24 -171.08 -171.45 -173 -173.05 -172.51 -170.65 -168.77 -169.49 -171.83 -171.1 -169.88 -169.9 -169.84 -168.91 -167.54 -170.71 -171.92 -172.25 -173.88 -174.82 -175.56 -172.87 -169.4 -166.84 -169.83 -168.03 -170.37
-107.93 -109.77 -116.61 -127.02 -128.39 -130.25 -128.88 -132.19 -143.44 -131.26 -122.07 -121.59 -123.92 -124.95 -124.42 -126.5 -128.37 -9999 -140.56 -144.52 -151.32 -161.66 -162.54 -168.63 -170.26 -163.13 -161.5 -159.01 -158.65 -159.3 -162.72 -164.64 -160.98 -160.89 -164.17 -169.45 -170.15 -169.01 -173.81 -181.08 -190.15 -186.62 -187.3 -184.25 -178.03 -177.81 -169.06 -169.5 -170.6 -171.45 -173.14 -172.16 -171.34 -170.2 -169.2 -170.97 -169.61 -170.05 -169.82 -168.29 -168.82 -168.6 -169.33 -171.75 -171.95 -171.85 -173.82 -176.62 -175.42 -175.47 -173.88 -173.51 -174.72 -173.98
