inst/extdata/mad_northam.txt
ncols         447
nrows         229
xllcorner     -180
yllcorner     6.999903
cellsize      0.333333
NODATA_value  -9999
[rows 33 to 65 of 229, columns 148 to 221 of 447]
-9999 -9999 -9999 -9999 -9999 -9999 -9999 -9999 -9999 -9999 -9999 -9999 -9999 -9999 -9999 -191.78 -192.59 -192.89 -193.45 -194.04 -194.72 -195.32 -196.11 -196.83 -197.15 -197.48 -197.64 -197.76 -197.42 -197.11 -195.6 -192.13 -9999 -9999 -9999 -9999 -192.3 -193.61 -194.82 -194.8 -195.03 -195.49 -195.56 -195.47 -195.45 -195.45 -195.45 -195.43 -195.12 -194.91 -195.34 -195.17 -195.09 -195.22 -195.23 -194.66 -192.79 -193.17 -193.03 -192.81 -192.79 -192.86 -193.01 -192.73 -192.26 -191.75 -191.03 -9999 -9999 -191.96 -192.15 -192.35 -192.28 -191.63
-9999 -9999 -9999 -9999 -9999 -9999 -9999 -9999 -9999 -9999 -9999 -9999 -9999 -9999 -9999 -9999 -9999 -9999 -192.17 -193.67 -195.66 -197.24 -198.12 -198.24 -199.38 -198.58 -196.72 -196.69 -195.83 -193.56 -191.19 -9999 -9999 -9999 -9999 -192.19 -193.67 -193.74 -193.12 -193.13 -192.81 -192.87 -193.47 -192.96 -193.08 -193.25 -193.46 -193.4 -193.35 -193.31 -193.31 -193.28 -193.53 -193.96 -193.95 -193.79 -193.37 -193.02 -192.96 -193.37 -193.42 -193.15 -192.81 -192.11 -191.59 -191.02 -190.39 -9999 -9999 -9999 -190.65 -190.83 -190.77 -190.57
-9999 -9999 -9999 -9999 -9999 -9999 -9999 -9999 -9999 -9999 -9999 -9999 -9999 -9999 -9999 -9999 -9999 -9999 -9999 -9999 -9999 -192.62 -194.6 -195.55 -196.37 -194.03 -191.95 -191.77 -191.59 -191.19 -9999 -9999 -9999 -9999 -9999 -9999 -9999 -189.56 -190.1 -190.87 -190.61 -190.36 -190.06 -189.52 -9999 -191.69 -9999 -191.78 -191.58 -191.44 -191.68 -191.65 -191.62 -191.58 -191.69 -191.75 -191.62 -192 -192.59 -193.09 -193.06 -193.06 -192.91 -192.41 -191.5 -190.26 -189.94 -189.66 -189.39 -189.78 -189.73 -189.66 -189.6 -189.56
-9999 -9999 -9999 -9999 -9999 -9999 -9999 -9999 -9999 -9999 -9999 -9999 -9999 -9999 -9999 -9999 -9999 -9999 -9999 -9999 -9999 -9999 -191.04 -190.93 -9999 -9999 -9999 -9999 -9999 -9999 -9999 -9999 -9999 -9999 -9999 -9999 -9999 -9999 -9999 -9999 -9999 -9999 -188.71 -190.13 -190.66 -190.74 -190.79 -190.55 -190.32 -190.07 -190.28 -190.29 -190.24 -190.26 -190.28 -190.3 -190.28 -190.53 -191.37 -191.93 -191.93 -192.16 -192.28 -191.59 -190.8 -189.8 -189.29 -189.03 -188.97 -188.9 -188.84 -188.65 -188.52 -188.54
-9999 -9999 -9999 -9999 -9999 -9999 -9999 -9999 -9999 -9999 -9999 -9999 -9999 -9999 -9999 -9999 -9999 -9999 -9999 -9999 -9999 -9999 -9999 -9999 -9999 -9999 -9999 -9999 -9999 -9999 -9999 -9999 -9999 -9999 -9999 -9999 -9999 -9999 -188.58 -188.69 -188 -188.43 -188.39 -188.75 -188.4 -187.57 -189.07 -189.26 -188.8 -187.92 -187.93 -188.22 -188.09 -188.43 -188.89 -189.43 -189.5 -189.55 -190.4 -191.21 -191.41 -191.24 -190.98 -190.68 -189.9 -188.9 -188.11 -188.05 -187.88 -187.61 -187.44 -187.29 -187.31 -187.04
-9999 -9999 -9999 -9999 -9999 -9999 -9999 -9999 -9999 -9999 -9999 -9999 -9999 -9999 -9999 -9999 -9999 -9999 -9999 -9999 -9999 -9999 -9999 -9999 -9999 -9999 -9999 -9999 -9999 -9999 -9999 -9999 -9999 -9999 -9999 -9999 -9999 -9999 -9999 -9999 -9999 -9999 -9999 -9999 -9999 -9999 -9999 -9999 -9999 -9999 -9999 -9999 -9999 -9999 -9999 -186.59 -187.66 -187.93 -187.96 -187.93 -187.97 -188.03 -187.91 -187.95 -187.81 -187.15 -186.68 -186.37 -186.38 -186.35 -186.32 -186.13 -185.83 -185.8
-9999 -9999 -9999 -9999 -9999 -9999 -9999 -186.28 -186.67 -186.64 -9999 -9999 -9999 -9999 -9999 -9999 -9999 -9999 -9999 -9999 -9999 -9999 -9999 -9999 -9999 -9999 -9999 -9999 -9999 -9999 -9999 -9999 -9999 -9999 -9999 -9999 -9999 -9999 -9999 -9999 -9999 -9999 -9999 -9999 -9999 -184.62 -185.12 -185.18 -185.28 -185.38 -185.46 -185.43 -185.17 -184.9 -184.6 -185.56 -185.61 -186.13 -187.06 -187.02 -187.54 -188.18 -187.57 -187.03 -186.46 -186.21 -185.66 -185.31 -185.49 -185.36 -185.25 -185.08 -184.82 -184.79
-9999 -9999 -9999 -9999 -184.27 -9999 -188.96 -193.73 -194.1 -192.84 -188.29 -9999 -9999 -9999 -9999 -9999 -9999 -184.07 -9999 -9999 -9999 -9999 -9999 -9999 -9999 -9999 -9999 -9999 -9999 -9999 -9999 -9999 -9999 -9999 -9999 -9999 -9999 -9999 -9999 -9999 -183.29 -183.73 -184.21 -184.44 -184.86 -184.89 -185.38 -185.73 -185.41 -185.18 -186.65 -187.09 -186.45 -186.33 -186.26 -186 -186.09 -186.13 -185.89 -185.86 -185.87 -186.05 -186.58 -186.54 -186.02 -185.21 -184.91 -184.79 -184.47 -183.62 -183.03 -182.81 -182.87 -182.93
-9999 -186.45 -193.11 -190.78 -191.95 -193.32 -193.17 -193.54 -194.1 -193.67 -188.75 -184.82 -184.31 -9999 -9999 -9999 -9999 -183.31 -182.83 -9999 -9999 -9999 -183.61 -186.16 -186.6 -188.49 -190.12 -189.43 -187.47 -184.48 -9999 -9999 -9999 -9999 -9999 -9999 -9999 -9999 -9999 -9999 -9999 -9999 -182.06 -182.32 -182.56 -182.65 -182.56 -182.68 -182.5 -182.45 -182.56 -183.85 -184.32 -183.6 -184.12 -184.13 -184.01 -184.09 -184.03 -184.01 -183.97 -184.44 -184.98 -184.93 -184.65 -183.65 -183.19 -183.04 -182.76 -181.77 -181.22 -180.77 -180.72 -181.13
-181.44 -184.96 -190.9 -190.97 -191.91 -192.03 -190.92 -192.44 -194.43 -195.15 -188.89 -183.82 -184.08 -184.1 -184.21 -183.74 -184.34 -184.33 -184.13 -184.29 -184.48 -184.71 -185.21 -185.32 -187.49 -189.27 -190.69 -190.43 -189.37 -188.2 -187.6 -186.87 -186.29 -183.74 -184.37 -181.92 -9999 -9999 -9999 -9999 -9999 -9999 -9999 -9999 -9999 -9999 -9999 -9999 -9999 -9999 -9999 -180.9 -181.95 -182.03 -181.98 -181.98 -182.09 -182.29 -182.17 -182.22 -182.12 -182.2 -182.57 -182.6 -182.39 -181.7 -181.31 -181.11 -180.7 -179.89 -9999 -9999 -9999 -9999
-182.02 -182.25 -182.59 -182.8 -183.42 -182.92 -182.35 -183.29 -184.35 -184.36 -184.22 -183.95 -183.95 -183.95 -183.95 -183.95 -183.94 -183.94 -183.93 -183.92 -183.91 -183.89 -183.88 -183.86 -183.84 -183.82 -183.79 -183.76 -183.73 -183.7 -183.67 -184.75 -184.87 -186.25 -186.87 -185.24 -184.64 -183.08 -181.36 -180.94 -179.99 -179.71 -179.44 -9999 -179.8 -179.33 -9999 -9999 -9999 -9999 -9999 -178.95 -179.23 -179.87 -180.07 -179.8 -180.07 -180.19 -180.14 -179.99 -179.55 -179.08 -178.58 -179.33 -179 -177.96 -9999 -9999 -9999 -9999 -9999 -9999 -177.89 -178.19
-181.32 -181.34 -180.87 -181.01 -181.21 -181.03 -180.91 -181.88 -182.99 -183.05 -182.97 -182.7 -182.7 -182.7 -182.7 -182.7 -182.69 -182.69 -182.68 -182.67 -182.66 -182.65 -182.63 -182.61 -182.6 -182.57 -182.55 -182.53 -182.5 -182.47 -182.43 -183.28 -183.16 -184.15 -185.28 -184.08 -183.43 -182.34 -181.7 -181.29 -180.86 -180.75 -180.48 -180.28 -179.58 -179.14 -178.79 -178.24 -177.84 -9999 -9999 -9999 -9999 -9999 -9999 -9999 -9999 -9999 -9999 -177.08 -9999 -9999 -9999 -9999 -9999 -9999 -9999 -176.67 -176.67 -176.79 -177.2 -177.26 -9999 -9999
-180.63 -180.52 -180.27 -179.56 -179.48 -179.45 -179.42 -180.58 -181.71 -181.83 -181.73 -181.47 -181.44 -181.42 -181.43 -181.46 -181.49 -181.49 -181.48 -181.42 -181.41 -181.4 -181.38 -181.37 -181.4 -181.34 -181.31 -181.29 -181.26 -181.24 -181.21 -182.74 -184.76 -184.43 -183.24 -181.38 -181.13 -180.47 -180.16 -180.14 -179.99 -179.79 -179.78 -179.81 -179.31 -178.14 -9999 -9999 -9999 -9999 -9999 -9999 -9999 -9999 -9999 -9999 -9999 -9999 -9999 -9999 -9999 -9999 -9999 -9999 -9999 -9999 -9999 -175.37 -9999 -9999 -9999 -9999 -175.82 -176.84
-179.34 -179.52 -178.47 -178.41 -178.71 -178.5 -178.44 -179.61 -180.4 -180.39 -180.3 -180.27 -180.17 -180.04 -180.13 -180.45 -180.54 -180.65 -180.6 -180.35 -180.16 -180.15 -180.14 -180.13 -180.49 -180.15 -180.08 -180.06 -180.03 -180.01 -179.98 -181.63 -182.86 -182.3 -180.71 -180.41 -180.61 -180.25 -179.84 -179.42 -179.46 -179.16 -178.72 -178.45 -177.74 -176.3 -9999 -9999 -9999 -9999 -9999 -9999 -9999 -9999 -9999 -9999 -9999 -9999 -9999 -9999 -174.93 -175.15 -174.61 -9999 -9999 -9999 -9999 -9999 -175 -176.43 -176.45 -176.4 -176.36 -176.64
-178.09 -178.44 -177.85 -177.7 -178.01 -177.36 -177.36 -177.72 -178.95 -179.13 -178.87 -178.91 -178.91 -178.9 -178.91 -179.01 -179.28 -179.31 -179.32 -179.18 -178.91 -178.9 -178.92 -178.89 -179.21 -179.22 -178.89 -178.83 -178.81 -178.79 -178.77 -179.18 -180.21 -180.44 -180.17 -180.72 -180.28 -179.63 -178.86 -178.5 -178.14 -178.33 -177.94 -177.63 -176.98 -176.75 -176.35 -176.2 -175.93 -175.71 -175.88 -175.65 -175.42 -175.45 -175.42 -175.14 -175.25 -175.16 -175.36 -175.31 -175.4 -175.45 -175.71 -175.65 -174.49 -9999 -9999 -9999 -9999 -174.79 -175.23 -175.18 -175.13 -175.41
-175.59 -176.23 -177.78 -177.56 -177.42 -176.62 -176.25 -176.3 -177.3 -177.61 -177.95 -177.83 -177.9 -177.5 -177.81 -177.93 -178.4 -177.81 -177.99 -177.83 -177.75 -177.86 -177.87 -177.74 -177.8 -178.29 -177.65 -177.46 -177.32 -177.18 -177.13 -177.2 -177.15 -177.05 -177 -177.48 -177.23 -176.99 -176.71 -176.89 -176.79 -176.83 -176.7 -176.67 -176.46 -176.6 -176.19 -176.1 -175.96 -175.94 -175.94 -175.8 -175.54 -175.59 -175.58 -175.43 -175.44 -175.37 -175.28 -175.17 -175.1 -175.01 -174.9 -174.83 -174.93 -174.75 -174.15 -173.19 -9999 -172.48 -173.79 -174.22 -174.16 -174.41
-174.54 -174.48 -174.87 -175.36 -175.67 -175.21 -174.71 -174.81 -175.48 -175.95 -176.13 -175.99 -176.34 -176.96 -177.62 -177.07 -176.87 -176.85 -176.81 -176.89 -176.93 -176.82 -176.68 -176.59 -176.84 -176.36 -175.13 -174.39 -174.37 -174.13 -173.79 -174.44 -174.63 -174.75 -175.14 -175.51 -175.27 -175.36 -175.65 -177.64 -177.79 -177.76 -177.72 -177.67 -177.63 -177.58 -177.53 -177.48 -177.7 -177.83 -177.79 -177.68 -177.61 -177.55 -177.48 -177.41 -177.34 -177.27 -177.03 -176.69 -176.62 -176.39 -176.05 -175.98 -175.9 -175.83 -175.11 -172.05 -9999 -171.95 -174.09 -174.58 -174.52 -174.62
-173.3 -173.23 -172.96 -172.87 -172.69 -172.76 -173.17 -173.16 -173.67 -173.98 -174.3 -173.69 -174.61 -175.26 -175.52 -175.51 -175.15 -175.42 -174.9 -174.81 -175 -173.96 -171.93 -173.36 -173.33 -173.15 -173.39 -173.48 -173.47 -173.46 -172.15 -172.83 -173.75 -173.68 -173.83 -173.74 -173.64 -173.5 -174.02 -176.4 -176.65 -176.61 -176.58 -176.54 -176.5 -176.46 -176.42 -176.37 -176.32 -176.27 -176.21 -176.54 -176.53 -176.47 -176.41 -176.34 -176.28 -176.21 -175.97 -175.63 -175.56 -175.33 -174.99 -174.92 -174.84 -174.77 -174.7 -174.3 -173.15 -9999 -173.29 -173.49 -173.42 -173.51
-172.17 -171.97 -171.64 -171.29 -170.97 -171.22 -171.8 -172.38 -172.6 -173.14 -173.64 -173.69 -173.57 -174.48 -174.43 -174.55 -172.92 -172.69 -173 -172.62 -172.78 -172.59 -171.52 -172.48 -172.31 -173.05 -173.38 -172.49 -172.27 -172.26 -172.25 -172.24 -172.23 -172.22 -172.2 -172.19 -172.17 -172.56 -173.27 -175.26 -175.5 -175.47 -175.44 -175.41 -175.38 -175.34 -175.31 -175.27 -175.22 -175.18 -175.13 -175.41 -175.41 -175.35 -175.39 -175.37 -175.28 -175.21 -175 -174.91 -174.63 -174.36 -173.96 -173.88 -173.81 -173.74 -173.66 -173.31 -172.77 -172.69 -172.62 -172.55 -172.47 -172.54
-172.99 -171.65 -170.86 -170.59 -170.58 -170.56 -170.69 -170.92 -171.53 -173.64 -172.57 -173.33 -174.33 -174.03 -173.9 -173.87 -173.22 -172.32 -172.64 -172.26 -172.51 -172.77 -172.9 -173.11 -172.69 -171.75 -171.87 -171.57 -171.16 -171.35 -171.22 -171.05 -171.11 -171.36 -171.37 -171.15 -171.3 -172.58 -174.38 -174.36 -174.34 -174.32 -174.3 -174.28 -174.25 -174.22 -174.19 -174.16 -174.12 -174.09 -174.05 -174 -173.96 -173.91 -174.7 -174.81 -174.6 -174.54 -174.48 -174.41 -174.35 -173.8 -172.94 -172.87 -172.79 -172.72 -172.64 -172.57 -172.49 -172.42 -172.34 -172.26 -172.19 -172.11
-178.39 -175.63 -173.78 -172.37 -171.89 -172.16 -171.16 -170.03 -169.85 -170.76 -171.65 -172.08 -172.49 -172.52 -171.13 -170.89 -171.78 -171.49 -171.39 -170.89 -170.94 -171.72 -171.96 -170.73 -170.05 -169.86 -169.88 -171.11 -172.75 -174.02 -171.3 -169.91 -170.29 -171.1 -171.48 -171.63 -171.36 -172.45 -173.21 -173.2 -173.18 -173.17 -173.15 -173.13 -173.11 -173.09 -173.07 -173.04 -173.01 -172.98 -172.95 -172.91 -172.87 -172.83 -172.79 -173.06 -173.55 -173.49 -173.44 -173.38 -173.32 -172.78 -171.92 -171.85 -171.78 -171.71 -171.64 -171.56 -171.49 -171.41 -171.33 -171.25 -171.18 -171.1
-185.8 -184.22 -181.18 -180.68 -180.1 -177.63 -178.41 -176.93 -172.37 -170.62 -169.55 -168.61 -169.77 -171 -169.93 -168.4 -168.69 -169.4 -169.93 -169.45 -169.28 -169.57 -169.64 -169.03 -168.93 -168.77 -168.85 -170.66 -170.49 -169.44 -169.41 -170.23 -171.16 -172.08 -171.84 -170.98 -170.92 -171.43 -171.73 -171.82 -171.82 -171.83 -171.83 -171.9 -171.96 -171.95 -171.93 -171.91 -171.89 -171.86 -171.84 -171.81 -171.78 -171.74 -171.71 -171.95 -172.37 -172.33 -172.28 -172.23 -172.17 -171.72 -170.95 -170.88 -170.82 -170.73 -170.63 -170.56 -170.48 -170.41 -170.33 -170.25 -170.17 -170.09
-187.46 -187.49 -185.83 -186.08 -185.4 -182.24 -184.52 -183.78 -182.86 -178.17 -175.67 -170.64 -169.18 -167.92 -168.09 -167.3 -166.87 -167.29 -168.14 -168.52 -168.86 -168.75 -168.95 -169.03 -169.7 -168.4 -168.07 -167.7 -168.1 -169.1 -171.01 -171.56 -171.85 -172.18 -172.05 -169.7 -168.34 -168.09 -168.6 -169.11 -169.54 -169.8 -169.88 -170.1 -170.14 -170.31 -170.8 -171.22 -171.45 -171.52 -171.64 -171.38 -171.31 -171.37 -171.21 -171.08 -171.05 -171.21 -171.2 -171.34 -171.4 -171.14 -171 -171 -170.66 -170.19 -169.89 -169.68 -169.59 -169.63 -169.67 -169.11 -168.96 -168.61
-187.95 -187.17 -185.46 -185.19 -184.98 -184.05 -186.32 -184.83 -182.65 -180.47 -180.16 -176.2 -172.21 -171.79 -172.68 -169.76 -167.28 -166.27 -170.03 -171.7 -170.17 -168.85 -167.65 -167.62 -167.5 -167.27 -167.08 -167.42 -168.08 -168.78 -169.35 -169.88 -170.15 -169.57 -169.38 -169.56 -169.07 -168.14 -167.47 -167.37 -167.73 -168.02 -168.42 -168.25 -168.31 -169.03 -169.07 -169.18 -169.67 -169.98 -170.09 -170.03 -169.92 -170 -170.14 -170.24 -169.97 -170.13 -170.07 -169.89 -169.73 -169.77 -169.81 -169.67 -169.47 -169.18 -168.8 -168.75 -168.77 -168.7 -168.65 -168.46 -168.17 -167.77
-186.01 -184.88 -182.81 -183.25 -183.52 -180.71 -180.8 -180.83 -182.25 -179.76 -178.26 -176.53 -174.14 -171.14 -169.82 -168.9 -167.44 -165.95 -165.75 -171.13 -172.52 -170.93 -167.02 -168 -168.44 -167.77 -166.43 -166.34 -166.75 -167.39 -167.8 -168.48 -168.62 -167.96 -167.75 -167.86 -168.15 -168.25 -167.42 -166.22 -166.67 -166.81 -166.85 -166.85 -166.99 -167.13 -167.02 -167.65 -167.93 -168.16 -168.44 -168.49 -168.63 -168.82 -169.25 -169.14 -169.05 -168.79 -168.84 -168.93 -168.75 -168.54 -168.49 -168.26 -168.06 -167.8 -167.63 -167.69 -167.65 -167.62 -167.53 -167.41 -167.22 -167.08
-181.11 -183.42 -182.92 -182.01 -184.36 -182.93 -184.6 -180.63 -178.89 -182.93 -182.81 -179.12 -174.62 -172.95 -171.85 -170.67 -168.47 -166.51 -166.04 -165.26 -166.35 -169.21 -166.41 -166.54 -167.69 -165.78 -165.86 -166.4 -165.77 -165.7 -166.01 -166.45 -166.94 -167.43 -168.65 -167.49 -166.11 -166.01 -165.84 -165.01 -164.87 -164.85 -164.99 -165.13 -165.56 -166.04 -166.27 -166.35 -166.65 -166.87 -166.81 -166.92 -167.07 -167.44 -167.93 -167.94 -167.62 -167.35 -167.44 -167.65 -167.66 -167.59 -167.43 -167.24 -166.98 -166.9 -166.91 -166.84 -166.73 -166.33 -166.4 -166.41 -166.14 -166.02
-181.4 -181.4 -181.91 -180.73 -181.61 -183.08 -181.51 -179.93 -180.36 -181.99 -180 -177.4 -175.32 -172.59 -172.19 -171.85 -169.67 -168.02 -166.37 -166.74 -163.63 -167.54 -167.72 -166.92 -165.93 -164.98 -166.29 -165.44 -164.68 -164.69 -165.03 -165.57 -165.43 -165.5 -165.09 -164.41 -164.22 -164.16 -164.31 -164.37 -163.85 -163.24 -163.18 -163.63 -164.03 -164.28 -164.52 -164.63 -165.02 -165.26 -165.55 -165.72 -165.99 -166.27 -166.47 -166.43 -166.62 -166.52 -166.53 -166.58 -166.48 -166.38 -166.29 -166.31 -166.19 -165.84 -165.85 -165.87 -165.66 -165.37 -165.31 -165.26 -165.17 -164.91
-180.35 -180.51 -180.63 -180.69 -179.88 -182.51 -182.12 -180.78 -181.13 -180.95 -180.31 -178.2 -172.95 -178.05 -175.33 -172.8 -170.79 -169.57 -166.62 -166.58 -163.57 -162.92 -166.02 -164.59 -164.68 -164.24 -163.79 -163.93 -164.29 -163.92 -164.23 -164.17 -163.27 -162.94 -162.97 -163.01 -163.05 -163.01 -162.96 -162.96 -162.89 -162.05 -161.52 -161.71 -161.9 -162.25 -162.77 -163.14 -163.32 -163.42 -163.52 -163.86 -163.97 -164.53 -164.92 -165.13 -165.33 -165.31 -165.26 -165.06 -165.17 -165.02 -164.85 -164.65 -164.71 -164.78 -164.81 -164.53 -164.34 -164.49 -164.38 -164.24 -164.08 -163.75
-175.03 -176.48 -178.04 -177.11 -177.8 -180.79 -180.14 -178.75 -184.41 -184.18 -183.91 -180.68 -179.51 -181.02 -176.31 -173.86 -170.25 -169.65 -166.07 -164.88 -165.24 -162.89 -161.63 -163.42 -164 -163.64 -161.8 -161.54 -161.48 -161.14 -161.19 -161.21 -161.3 -161.35 -161.56 -161.73 -161.81 -161.87 -162.01 -162.16 -162.16 -161.7 -161.06 -160.31 -160.29 -160.49 -160.81 -161.21 -161.36 -161.36 -161.79 -162.12 -162.34 -162.82 -162.96 -163.42 -163.25 -162.69 -162.05 -161.64 -161.28 -161.13 -161.34 -161.36 -161.74 -163.16 -163.5 -163.47 -163.66 -163.57 -163.23 -162.86 -162.75 -162.72
-174.19 -175.23 -175.18 -176.98 -177.61 -175.68 -177.88 -178.21 -178.33 -181.64 -183.39 -180.71 -182.75 -181.96 -177.87 -176.61 -174.87 -172.48 -167.5 -166.05 -165.25 -160.92 -159.35 -161.6 -162.55 -161.13 -159.59 -159.96 -160.41 -160.97 -161.85 -162.49 -162.73 -162.74 -162.17 -160.65 -160.25 -160.28 -160.34 -160.62 -160.64 -160.48 -160.22 -159.9 -159.31 -159.16 -158.96 -159.17 -159.3 -159.32 -159.68 -160.07 -160.15 -160.71 -160.91 -161.2 -160.71 -159.4 -159.5 -159.3 -159.5 -160.24 -161.02 -161.45 -162.06 -162.16 -162.27 -162.04 -162.27 -162.19 -162.08 -161.75 -161.57 -161.53
-172.19 -172.26 -175.22 -176.96 -178.99 -177.21 -177.11 -181.09 -179 -176.23 -180.88 -180.42 -179.22 -179.23 -177.9 -175.4 -173.56 -171.21 -167.87 -167.31 -163.98 -160.42 -158.18 -158.49 -158.95 -158.94 -158.34 -159 -159.78 -161.68 -164.25 -165.95 -165.77 -165.18 -165.28 -164.84 -162.14 -160.37 -158.61 -158.51 -158.74 -158.61 -158.63 -158.56 -158.52 -158.29 -157.83 -157.64 -157.63 -157.69 -157.88 -158.24 -158.31 -158.54 -158.73 -158.21 -158.17 -158.48 -159.41 -159.94 -160.41 -160.65 -160.88 -160.88 -161.1 -161.25 -161.54 -161.57 -161.22 -161.02 -160.97 -161.01 -160.8 -160.28
-172.33 -175.99 -172.39 -173.13 -179.66 -176.95 -174.97 -178.77 -178.63 -178.16 -175.76 -173.58 -172.83 -171.94 -170.86 -170.57 -173.94 -172.88 -169.17 -165.75 -161.84 -161.3 -159.61 -159.14 -160.34 -160 -156.69 -156.47 -156.78 -157.13 -157.98 -159.05 -159.06 -158.84 -158.37 -157.81 -157.24 -156.97 -156.85 -156.94 -157.15 -157.29 -157.41 -157.53 -157.21 -156.87 -156.76 -156.52 -156.08 -155.99 -156.16 -156.45 -156.51 -157.03 -157.06 -157.17 -157.67 -158.43 -159.03 -159.35 -159.78 -159.76 -159.69 -159.61 -159.83 -160.18 -160.33 -160.3 -159.61 -159.63 -159.66 -159.66 -159.7 -159.71
-173.46 -172.99 -168.9 -171.16 -173.1 -173.89 -173.97 -172.98 -177.25 -175.98 -175.06 -170.59 -169.61 -168.48 -167.21 -166.41 -168.36 -170.99 -170.43 -165.5 -161.38 -163.23 -159.26 -158.1 -157.05 -156.18 -155.91 -155.84 -155.71 -155.47 -155.38 -155.69 -155.97 -156.02 -155.96 -155.84 -155.42 -155.17 -155.37 -155.6 -155.79 -155.88 -155.94 -155.88 -155.48 -154.84 -154.78 -155.01 -155.05 -154.97 -154.94 -155.41 -155.56 -155.72 -156.16 -156.51 -156.66 -157.46 -158.05 -158.23 -158.43 -158.44 -158.7 -158.9 -159.14 -159.12 -159.25 -159.26 -158.96 -158.85 -158.87 -158.58 -158.75 -158.52
